-0.522 -0 0 10 3 1.16998 1 1.36998
-0.522 -0 10 20 3 1.16944 1 1.36944
-0.522 -0 20 30 3 1.16835 1 1.36835
-0.522 -0 30 40 3 1.16674 1 1.36674
-0.522 -0 40 50 3 1.16461 1 1.36461
-0.522 -0 50 60 3 1.16198 1 1.36198
-0.522 -0 60 70 3 1.15887 1 1.35887
-0.522 -0 70 80 3 1.15531 1 1.35531
-0.522 -0 80 90 3 1.15131 1 1.35131
-0.522 -0 90 100 3 1.14692 1 1.34692
-0.522 -0 100 110 3 1.14215 1 1.34215
-0.522 -0 110 135 3 1.13328 1 1.33328
-0.522 -0 135 160 3 1.1188 1 1.3188
-0.522 -0 160 185 3 1.10304 1 1.30304
-0.522 -0 185 210 3 1.08649 1 1.28649
-0.522 -0 210 235 3 1.06956 1 1.26956
-0.522 -0 235 260 3 1.05261 1 1.25261
-0.522 -0 260 285 3 1.03591 1 1.23591
-0.522 -0 285 310 3 1.01968 1 1.21968
-0.522 -0 310 335 3 1.00408 1 1.20408
-0.522 -0 335 360 3 1 1 1.18921
-0.522 -0 360 385 3 1 1 1.17512
-0.522 -0 385 410 3 1 1 1.16186
-0.522 -0 410 435 3 1 1 1.14942
-0.522 -0 435 460 3 1 1 1.13778
-0.522 -0 460 485 3 1 1 1.12693
-0.522 -0 485 7000 3 1 1 1
0 0.522 0 10 3 1.16998 1 1.36998
0 0.522 10 20 3 1.16944 1 1.36944
0 0.522 20 30 3 1.16835 1 1.36835
0 0.522 30 40 3 1.16674 1 1.36674
0 0.522 40 50 3 1.16461 1 1.36461
0 0.522 50 60 3 1.16198 1 1.36198
0 0.522 60 70 3 1.15887 1 1.35887
0 0.522 70 80 3 1.15531 1 1.35531
0 0.522 80 90 3 1.15131 1 1.35131
0 0.522 90 100 3 1.14692 1 1.34692
0 0.522 100 110 3 1.14215 1 1.34215
0 0.522 110 135 3 1.13328 1 1.33328
0 0.522 135 160 3 1.1188 1 1.3188
0 0.522 160 185 3 1.10304 1 1.30304
0 0.522 185 210 3 1.08649 1 1.28649
0 0.522 210 235 3 1.06956 1 1.26956
0 0.522 235 260 3 1.05261 1 1.25261
0 0.522 260 285 3 1.03591 1 1.23591
0 0.522 285 310 3 1.01968 1 1.21968
0 0.522 310 335 3 1.00408 1 1.20408
0 0.522 335 360 3 1 1 1.18921
0 0.522 360 385 3 1 1 1.17512
0 0.522 385 410 3 1 1 1.16186
0 0.522 410 435 3 1 1 1.14942
0 0.522 435 460 3 1 1 1.13778
0 0.522 460 485 3 1 1 1.12693
0 0.522 485 7000 3 1 1 1
-0.783 -0.522 0 10 3 1.15237 1 1.35237
-0.783 -0.522 10 20 3 1.15235 1 1.35235
-0.783 -0.522 20 30 3 1.15232 1 1.35232
-0.783 -0.522 30 40 3 1.15227 1 1.35227
-0.783 -0.522 40 50 3 1.1522 1 1.3522
-0.783 -0.522 50 60 3 1.15212 1 1.35212
-0.783 -0.522 60 70 3 1.15202 1 1.35202
-0.783 -0.522 70 80 3 1.15191 1 1.35191
-0.783 -0.522 80 90 3 1.15178 1 1.35178
-0.783 -0.522 90 100 3 1.15164 1 1.35164
-0.783 -0.522 100 110 3 1.1515 1 1.3515
-0.783 -0.522 110 135 3 1.15122 1 1.35122
-0.783 -0.522 135 160 3 1.15078 1 1.35078
-0.783 -0.522 160 185 3 1.1503 1 1.3503
-0.783 -0.522 185 210 3 1.14981 1 1.34981
-0.783 -0.522 210 235 3 1.14931 1 1.34931
-0.783 -0.522 235 260 3 1.14882 1 1.34882
-0.783 -0.522 260 285 3 1.14834 1 1.34834
-0.783 -0.522 285 310 3 1.14789 1 1.34789
-0.783 -0.522 310 335 3 1.14746 1 1.34746
-0.783 -0.522 335 360 3 1.14705 1 1.34705
-0.783 -0.522 360 385 3 1.14667 1 1.34667
-0.783 -0.522 385 410 3 1.14632 1 1.34632
-0.783 -0.522 410 435 3 1.146 1 1.346
-0.783 -0.522 435 460 3 1.1457 1 1.3457
-0.783 -0.522 460 485 3 1.14542 1 1.34542
-0.783 -0.522 485 7000 3 1.1416 1 1.3416
0.522 0.783 0 10 3 1.15237 1 1.35237
0.522 0.783 10 20 3 1.15235 1 1.35235
0.522 0.783 20 30 3 1.15232 1 1.35232
0.522 0.783 30 40 3 1.15227 1 1.35227
0.522 0.783 40 50 3 1.1522 1 1.3522
0.522 0.783 50 60 3 1.15212 1 1.35212
0.522 0.783 60 70 3 1.15202 1 1.35202
0.522 0.783 70 80 3 1.15191 1 1.35191
0.522 0.783 80 90 3 1.15178 1 1.35178
0.522 0.783 90 100 3 1.15164 1 1.35164
0.522 0.783 100 110 3 1.1515 1 1.3515
0.522 0.783 110 135 3 1.15122 1 1.35122
0.522 0.783 135 160 3 1.15078 1 1.35078
0.522 0.783 160 185 3 1.1503 1 1.3503
0.522 0.783 185 210 3 1.14981 1 1.34981
0.522 0.783 210 235 3 1.14931 1 1.34931
0.522 0.783 235 260 3 1.14882 1 1.34882
0.522 0.783 260 285 3 1.14834 1 1.34834
0.522 0.783 285 310 3 1.14789 1 1.34789
0.522 0.783 310 335 3 1.14746 1 1.34746
0.522 0.783 335 360 3 1.14705 1 1.34705
0.522 0.783 360 385 3 1.14667 1 1.34667
0.522 0.783 385 410 3 1.14632 1 1.34632
0.522 0.783 410 435 3 1.146 1 1.346
0.522 0.783 435 460 3 1.1457 1 1.3457
0.522 0.783 460 485 3 1.14542 1 1.34542
0.522 0.783 485 7000 3 1.1416 1 1.3416
-1.131 -0.783 0 10 3 1.124 1 1.324
-1.131 -0.783 10 20 3 1.12405 1 1.32405
-1.131 -0.783 20 30 3 1.12416 1 1.32416
-1.131 -0.783 30 40 3 1.12432 1 1.32432
-1.131 -0.783 40 50 3 1.12453 1 1.32453
-1.131 -0.783 50 60 3 1.12479 1 1.32479
-1.131 -0.783 60 70 3 1.1251 1 1.3251
-1.131 -0.783 70 80 3 1.12545 1 1.32545
-1.131 -0.783 80 90 3 1.12585 1 1.32585
-1.131 -0.783 90 100 3 1.12628 1 1.32628
-1.131 -0.783 100 110 3 1.12674 1 1.32674
-1.131 -0.783 110 135 3 1.1276 1 1.3276
-1.131 -0.783 135 160 3 1.12898 1 1.32898
-1.131 -0.783 160 185 3 1.13047 1 1.33047
-1.131 -0.783 185 210 3 1.13201 1 1.33201
-1.131 -0.783 210 235 3 1.13355 1 1.33355
-1.131 -0.783 235 260 3 1.13507 1 1.33507
-1.131 -0.783 260 285 3 1.13654 1 1.33654
-1.131 -0.783 285 310 3 1.13795 1 1.33795
-1.131 -0.783 310 335 3 1.13928 1 1.33928
-1.131 -0.783 335 360 3 1.14052 1 1.34052
-1.131 -0.783 360 385 3 1.14169 1 1.34169
-1.131 -0.783 385 410 3 1.14276 1 1.34276
-1.131 -0.783 410 435 3 1.14376 1 1.34376
-1.131 -0.783 435 460 3 1.14468 1 1.34468
-1.131 -0.783 460 485 3 1.14553 1 1.34553
-1.131 -0.783 485 7000 3 1.15714 1 1.35714
0.783 1.131 0 10 3 1.124 1 1.324
0.783 1.131 10 20 3 1.12405 1 1.32405
0.783 1.131 20 30 3 1.12416 1 1.32416
0.783 1.131 30 40 3 1.12432 1 1.32432
0.783 1.131 40 50 3 1.12453 1 1.32453
0.783 1.131 50 60 3 1.12479 1 1.32479
0.783 1.131 60 70 3 1.1251 1 1.3251
0.783 1.131 70 80 3 1.12545 1 1.32545
0.783 1.131 80 90 3 1.12585 1 1.32585
0.783 1.131 90 100 3 1.12628 1 1.32628
0.783 1.131 100 110 3 1.12674 1 1.32674
0.783 1.131 110 135 3 1.1276 1 1.3276
0.783 1.131 135 160 3 1.12898 1 1.32898
0.783 1.131 160 185 3 1.13047 1 1.33047
0.783 1.131 185 210 3 1.13201 1 1.33201
0.783 1.131 210 235 3 1.13355 1 1.33355
0.783 1.131 235 260 3 1.13507 1 1.33507
0.783 1.131 260 285 3 1.13654 1 1.33654
0.783 1.131 285 310 3 1.13795 1 1.33795
0.783 1.131 310 335 3 1.13928 1 1.33928
0.783 1.131 335 360 3 1.14052 1 1.34052
0.783 1.131 360 385 3 1.14169 1 1.34169
0.783 1.131 385 410 3 1.14276 1 1.34276
0.783 1.131 410 435 3 1.14376 1 1.34376
0.783 1.131 435 460 3 1.14468 1 1.34468
0.783 1.131 460 485 3 1.14553 1 1.34553
0.783 1.131 485 7000 3 1.15714 1 1.35714
-2.043 -1.93 0 10 3 1.17279 1 1.37279
-2.043 -1.93 10 20 3 1.17271 1 1.37271
-2.043 -1.93 20 30 3 1.17254 1 1.37254
-2.043 -1.93 30 40 3 1.1723 1 1.3723
-2.043 -1.93 40 50 3 1.17198 1 1.37198
-2.043 -1.93 50 60 3 1.17158 1 1.37158
-2.043 -1.93 60 70 3 1.17111 1 1.37111
-2.043 -1.93 70 80 3 1.17057 1 1.37057
-2.043 -1.93 80 90 3 1.16996 1 1.36996
-2.043 -1.93 90 100 3 1.1693 1 1.3693
-2.043 -1.93 100 110 3 1.16859 1 1.36859
-2.043 -1.93 110 135 3 1.16727 1 1.36727
-2.043 -1.93 135 160 3 1.16513 1 1.36513
-2.043 -1.93 160 185 3 1.16283 1 1.36283
-2.043 -1.93 185 210 3 1.16044 1 1.36044
-2.043 -1.93 210 235 3 1.15804 1 1.35804
-2.043 -1.93 235 260 3 1.15566 1 1.35566
-2.043 -1.93 260 285 3 1.15335 1 1.35335
-2.043 -1.93 285 310 3 1.15113 1 1.35113
-2.043 -1.93 310 335 3 1.14903 1 1.34903
-2.043 -1.93 335 360 3 1.14706 1 1.34706
-2.043 -1.93 360 385 3 1.14521 1 1.34521
-2.043 -1.93 385 410 3 1.1435 1 1.3435
-2.043 -1.93 410 435 3 1.14191 1 1.34191
-2.043 -1.93 435 460 3 1.14043 1 1.34043
-2.043 -1.93 460 485 3 1.13908 1 1.33908
-2.043 -1.93 485 7000 3 1.12019 1 1.32019
1.93 2.043 0 10 3 1.17279 1 1.37279
1.93 2.043 10 20 3 1.17271 1 1.37271
1.93 2.043 20 30 3 1.17254 1 1.37254
1.93 2.043 30 40 3 1.1723 1 1.3723
1.93 2.043 40 50 3 1.17198 1 1.37198
1.93 2.043 50 60 3 1.17158 1 1.37158
1.93 2.043 60 70 3 1.17111 1 1.37111
1.93 2.043 70 80 3 1.17057 1 1.37057
1.93 2.043 80 90 3 1.16996 1 1.36996
1.93 2.043 90 100 3 1.1693 1 1.3693
1.93 2.043 100 110 3 1.16859 1 1.36859
1.93 2.043 110 135 3 1.16727 1 1.36727
1.93 2.043 135 160 3 1.16513 1 1.36513
1.93 2.043 160 185 3 1.16283 1 1.36283
1.93 2.043 185 210 3 1.16044 1 1.36044
1.93 2.043 210 235 3 1.15804 1 1.35804
1.93 2.043 235 260 3 1.15566 1 1.35566
1.93 2.043 260 285 3 1.15335 1 1.35335
1.93 2.043 285 310 3 1.15113 1 1.35113
1.93 2.043 310 335 3 1.14903 1 1.34903
1.93 2.043 335 360 3 1.14706 1 1.34706
1.93 2.043 360 385 3 1.14521 1 1.34521
1.93 2.043 385 410 3 1.1435 1 1.3435
1.93 2.043 410 435 3 1.14191 1 1.34191
1.93 2.043 435 460 3 1.14043 1 1.34043
1.93 2.043 460 485 3 1.13908 1 1.33908
1.93 2.043 485 7000 3 1.12019 1 1.32019
-2.5 -2.322 0 10 3 1.15431 1 1.35431
-2.5 -2.322 10 20 3 1.15517 1 1.35517
-2.5 -2.322 20 30 3 1.15689 1 1.35689
-2.5 -2.322 30 40 3 1.15944 1 1.35944
-2.5 -2.322 40 50 3 1.1628 1 1.3628
-2.5 -2.322 50 60 3 1.16693 1 1.36693
-2.5 -2.322 60 70 3 1.17178 1 1.37178
-2.5 -2.322 70 80 3 1.17729 1 1.37729
-2.5 -2.322 80 90 3 1.18343 1 1.38343
-2.5 -2.322 90 100 3 1.19012 1 1.39012
-2.5 -2.322 100 110 3 1.1973 1 1.3973
-2.5 -2.322 110 135 3 1.21047 1.01047 1.41047
-2.5 -2.322 135 160 3 1.23146 1.03146 1.43146
-2.5 -2.322 160 185 3 1.2536 1.0536 1.4536
-2.5 -2.322 185 210 3 1.27611 1.07611 1.47611
-2.5 -2.322 210 235 3 1.29839 1.09839 1.49839
-2.5 -2.322 235 260 3 1.31998 1.11998 1.51998
-2.5 -2.322 260 285 3 1.34058 1.14058 1.54058
-2.5 -2.322 285 310 3 1.35998 1.15998 1.55998
-2.5 -2.322 310 335 3 1.3781 1.1781 1.5781
-2.5 -2.322 335 360 3 1.3949 1.1949 1.5949
-2.5 -2.322 360 385 3 1.4104 1.2104 1.6104
-2.5 -2.322 385 410 3 1.42464 1.22464 1.62464
-2.5 -2.322 410 435 3 1.4377 1.2377 1.6377
-2.5 -2.322 435 460 3 1.44964 1.24964 1.64964
-2.5 -2.322 460 485 3 1.46057 1.26057 1.66057
-2.5 -2.322 485 7000 3 1.60364 1.40364 1.80364
2.322 2.5 0 10 3 1.15431 1 1.35431
2.322 2.5 10 20 3 1.15517 1 1.35517
2.322 2.5 20 30 3 1.15689 1 1.35689
2.322 2.5 30 40 3 1.15944 1 1.35944
2.322 2.5 40 50 3 1.1628 1 1.3628
2.322 2.5 50 60 3 1.16693 1 1.36693
2.322 2.5 60 70 3 1.17178 1 1.37178
2.322 2.5 70 80 3 1.17729 1 1.37729
2.322 2.5 80 90 3 1.18343 1 1.38343
2.322 2.5 90 100 3 1.19012 1 1.39012
2.322 2.5 100 110 3 1.1973 1 1.3973
2.322 2.5 110 135 3 1.21047 1.01047 1.41047
2.322 2.5 135 160 3 1.23146 1.03146 1.43146
2.322 2.5 160 185 3 1.2536 1.0536 1.4536
2.322 2.5 185 210 3 1.27611 1.07611 1.47611
2.322 2.5 210 235 3 1.29839 1.09839 1.49839
2.322 2.5 235 260 3 1.31998 1.11998 1.51998
2.322 2.5 260 285 3 1.34058 1.14058 1.54058
2.322 2.5 285 310 3 1.35998 1.15998 1.55998
2.322 2.5 310 335 3 1.3781 1.1781 1.5781
2.322 2.5 335 360 3 1.3949 1.1949 1.5949
2.322 2.5 360 385 3 1.4104 1.2104 1.6104
2.322 2.5 385 410 3 1.42464 1.22464 1.62464
2.322 2.5 410 435 3 1.4377 1.2377 1.6377
2.322 2.5 435 460 3 1.44964 1.24964 1.64964
2.322 2.5 460 485 3 1.46057 1.26057 1.66057
2.322 2.5 485 7000 3 1.60364 1.40364 1.80364
-2.65 -2.5 0 10 3 1.15258 1 1.35258
-2.65 -2.5 10 20 3 1.15841 1 1.35841
-2.65 -2.5 20 30 3 1.16991 1 1.36991
-2.65 -2.5 30 40 3 1.18682 1 1.38682
-2.65 -2.5 40 50 3 1.20876 1.00876 1.40876
-2.65 -2.5 50 60 3 1.23526 1.03526 1.43526
-2.65 -2.5 60 70 3 1.26581 1.06581 1.46581
-2.65 -2.5 70 80 3 1.29986 1.09986 1.49986
-2.65 -2.5 80 90 3 1.33687 1.13687 1.53687
-2.65 -2.5 90 100 3 1.37631 1.17631 1.57631
-2.65 -2.5 100 110 3 1.41767 1.21767 1.61767
-2.65 -2.5 110 135 3 1.49111 1.29111 1.69111
-2.65 -2.5 135 160 3 1.60276 1.40276 1.80276
-2.65 -2.5 160 185 3 1.7145 1.5145 1.9145
-2.65 -2.5 185 210 3 1.82298 1.62298 2.02298
-2.65 -2.5 210 235 3 1.92607 1.72607 2.12607
-2.65 -2.5 235 260 3 2.02255 1.82255 2.22255
-2.65 -2.5 260 285 3 2.11187 1.91187 2.31187
-2.65 -2.5 285 310 3 2.1939 1.9939 2.3939
-2.65 -2.5 310 335 3 2.26881 2.06881 2.46881
-2.65 -2.5 335 360 3 2.33697 2.13697 2.53697
-2.65 -2.5 360 385 3 2.39883 2.19883 2.59883
-2.65 -2.5 385 410 3 2.45488 2.25488 2.65488
-2.65 -2.5 410 435 3 2.50564 2.30564 2.70564
-2.65 -2.5 435 460 3 2.55161 2.35161 2.75161
-2.65 -2.5 460 485 3 2.59325 2.39325 2.79325
-2.65 -2.5 485 7000 3 3.11114 2.91114 3.31114
2.5 2.65 0 10 3 1.15258 1 1.35258
2.5 2.65 10 20 3 1.15841 1 1.35841
2.5 2.65 20 30 3 1.16991 1 1.36991
2.5 2.65 30 40 3 1.18682 1 1.38682
2.5 2.65 40 50 3 1.20876 1.00876 1.40876
2.5 2.65 50 60 3 1.23526 1.03526 1.43526
2.5 2.65 60 70 3 1.26581 1.06581 1.46581
2.5 2.65 70 80 3 1.29986 1.09986 1.49986
2.5 2.65 80 90 3 1.33687 1.13687 1.53687
2.5 2.65 90 100 3 1.37631 1.17631 1.57631
2.5 2.65 100 110 3 1.41767 1.21767 1.61767
2.5 2.65 110 135 3 1.49111 1.29111 1.69111
2.5 2.65 135 160 3 1.60276 1.40276 1.80276
2.5 2.65 160 185 3 1.7145 1.5145 1.9145
2.5 2.65 185 210 3 1.82298 1.62298 2.02298
2.5 2.65 210 235 3 1.92607 1.72607 2.12607
2.5 2.65 235 260 3 2.02255 1.82255 2.22255
2.5 2.65 260 285 3 2.11187 1.91187 2.31187
2.5 2.65 285 310 3 2.1939 1.9939 2.3939
2.5 2.65 310 335 3 2.26881 2.06881 2.46881
2.5 2.65 335 360 3 2.33697 2.13697 2.53697
2.5 2.65 360 385 3 2.39883 2.19883 2.59883
2.5 2.65 385 410 3 2.45488 2.25488 2.65488
2.5 2.65 410 435 3 2.50564 2.30564 2.70564
2.5 2.65 435 460 3 2.55161 2.35161 2.75161
2.5 2.65 460 485 3 2.59325 2.39325 2.79325
2.5 2.65 485 7000 3 3.11114 2.91114 3.31114
-2.853 -2.65 0 10 3 1 1 1.1995
-2.853 -2.65 10 20 3 1.02982 1 1.22982
-2.853 -2.65 20 30 3 1.08688 1 1.28688
-2.853 -2.65 30 40 3 1.1649 1 1.3649
-2.853 -2.65 40 50 3 1.25762 1.05762 1.45762
-2.853 -2.65 50 60 3 1.35936 1.15936 1.55936
-2.853 -2.65 60 70 3 1.46558 1.26558 1.66558
-2.853 -2.65 70 80 3 1.57281 1.37281 1.77281
-2.853 -2.65 80 90 3 1.67855 1.47855 1.87855
-2.853 -2.65 90 100 3 1.78105 1.58105 1.98105
-2.853 -2.65 100 110 3 1.87917 1.67917 2.07917
-2.853 -2.65 110 135 3 2.03406 1.83406 2.23406
-2.853 -2.65 135 160 3 2.23265 2.03265 2.43265
-2.853 -2.65 160 185 3 2.39776 2.19776 2.59776
-2.853 -2.65 185 210 3 2.53347 2.33347 2.73347
-2.853 -2.65 210 235 3 2.6446 2.4446 2.8446
-2.853 -2.65 235 260 3 2.73571 2.53571 2.93571
-2.853 -2.65 260 285 3 2.8107 2.6107 3.0107
-2.853 -2.65 285 310 3 2.87276 2.67276 3.07276
-2.853 -2.65 310 335 3 2.92444 2.72444 3.12444
-2.853 -2.65 335 360 3 2.96778 2.76778 3.16778
-2.853 -2.65 360 385 3 3.00438 2.80438 3.20438
-2.853 -2.65 385 410 3 3.03548 2.83548 3.23548
-2.853 -2.65 410 435 3 3.06208 2.86208 3.26208
-2.853 -2.65 435 460 3 3.08498 2.88498 3.28498
-2.853 -2.65 460 485 3 3.10481 2.90481 3.30481
-2.853 -2.65 485 7000 3 3.29474 3.09474 3.49474
2.65 2.853 0 10 3 1 1 1.1995
2.65 2.853 10 20 3 1.02982 1 1.22982
2.65 2.853 20 30 3 1.08688 1 1.28688
2.65 2.853 30 40 3 1.1649 1 1.3649
2.65 2.853 40 50 3 1.25762 1.05762 1.45762
2.65 2.853 50 60 3 1.35936 1.15936 1.55936
2.65 2.853 60 70 3 1.46558 1.26558 1.66558
2.65 2.853 70 80 3 1.57281 1.37281 1.77281
2.65 2.853 80 90 3 1.67855 1.47855 1.87855
2.65 2.853 90 100 3 1.78105 1.58105 1.98105
2.65 2.853 100 110 3 1.87917 1.67917 2.07917
2.65 2.853 110 135 3 2.03406 1.83406 2.23406
2.65 2.853 135 160 3 2.23265 2.03265 2.43265
2.65 2.853 160 185 3 2.39776 2.19776 2.59776
2.65 2.853 185 210 3 2.53347 2.33347 2.73347
2.65 2.853 210 235 3 2.6446 2.4446 2.8446
2.65 2.853 235 260 3 2.73571 2.53571 2.93571
2.65 2.853 260 285 3 2.8107 2.6107 3.0107
2.65 2.853 285 310 3 2.87276 2.67276 3.07276
2.65 2.853 310 335 3 2.92444 2.72444 3.12444
2.65 2.853 335 360 3 2.96778 2.76778 3.16778
2.65 2.853 360 385 3 3.00438 2.80438 3.20438
2.65 2.853 385 410 3 3.03548 2.83548 3.23548
2.65 2.853 410 435 3 3.06208 2.86208 3.26208
2.65 2.853 435 460 3 3.08498 2.88498 3.28498
2.65 2.853 460 485 3 3.10481 2.90481 3.30481
2.65 2.853 485 7000 3 3.29474 3.09474 3.49474
-2.964 -2.853 0 10 3 1.24269 1.04269 1.44269
-2.964 -2.853 10 20 3 1.26086 1.06086 1.46086
-2.964 -2.853 20 30 3 1.29579 1.09579 1.49579
-2.964 -2.853 30 40 3 1.34498 1.14498 1.54498
-2.964 -2.853 40 50 3 1.40536 1.20536 1.60536
-2.964 -2.853 50 60 3 1.47374 1.27374 1.67374
-2.964 -2.853 60 70 3 1.54718 1.34718 1.74718
-2.964 -2.853 70 80 3 1.62316 1.42316 1.82316
-2.964 -2.853 80 90 3 1.69965 1.49965 1.89965
-2.964 -2.853 90 100 3 1.77511 1.57511 1.97511
-2.964 -2.853 100 110 3 1.84839 1.64839 2.04839
-2.964 -2.853 110 135 3 1.96588 1.76588 2.16588
-2.964 -2.853 135 160 3 2.11924 1.91924 2.31924
-2.964 -2.853 160 185 3 2.24865 2.04865 2.44865
-2.964 -2.853 185 210 3 2.3561 2.1561 2.5561
-2.964 -2.853 210 235 3 2.44473 2.24473 2.64473
-2.964 -2.853 235 260 3 2.51776 2.31776 2.71776
-2.964 -2.853 260 285 3 2.57811 2.37811 2.77811
-2.964 -2.853 285 310 3 2.6282 2.4282 2.8282
-2.964 -2.853 310 335 3 2.67001 2.47001 2.87001
-2.964 -2.853 335 360 3 2.70514 2.50514 2.90514
-2.964 -2.853 360 385 3 2.73484 2.53484 2.93484
-2.964 -2.853 385 410 3 2.76011 2.56011 2.96011
-2.964 -2.853 410 435 3 2.78176 2.58176 2.98176
-2.964 -2.853 435 460 3 2.8004 2.6004 3.0004
-2.964 -2.853 460 485 3 2.81656 2.61656 3.01656
-2.964 -2.853 485 7000 3 2.97181 2.77181 3.17181
2.853 2.964 0 10 3 1.24269 1.04269 1.44269
2.853 2.964 10 20 3 1.26086 1.06086 1.46086
2.853 2.964 20 30 3 1.29579 1.09579 1.49579
2.853 2.964 30 40 3 1.34498 1.14498 1.54498
2.853 2.964 40 50 3 1.40536 1.20536 1.60536
2.853 2.964 50 60 3 1.47374 1.27374 1.67374
2.853 2.964 60 70 3 1.54718 1.34718 1.74718
2.853 2.964 70 80 3 1.62316 1.42316 1.82316
2.853 2.964 80 90 3 1.69965 1.49965 1.89965
2.853 2.964 90 100 3 1.77511 1.57511 1.97511
2.853 2.964 100 110 3 1.84839 1.64839 2.04839
2.853 2.964 110 135 3 1.96588 1.76588 2.16588
2.853 2.964 135 160 3 2.11924 1.91924 2.31924
2.853 2.964 160 185 3 2.24865 2.04865 2.44865
2.853 2.964 185 210 3 2.3561 2.1561 2.5561
2.853 2.964 210 235 3 2.44473 2.24473 2.64473
2.853 2.964 235 260 3 2.51776 2.31776 2.71776
2.853 2.964 260 285 3 2.57811 2.37811 2.77811
2.853 2.964 285 310 3 2.6282 2.4282 2.8282
2.853 2.964 310 335 3 2.67001 2.47001 2.87001
2.853 2.964 335 360 3 2.70514 2.50514 2.90514
2.853 2.964 360 385 3 2.73484 2.53484 2.93484
2.853 2.964 385 410 3 2.76011 2.56011 2.96011
2.853 2.964 410 435 3 2.78176 2.58176 2.98176
2.853 2.964 435 460 3 2.8004 2.6004 3.0004
2.853 2.964 460 485 3 2.81656 2.61656 3.01656
2.853 2.964 485 7000 3 2.97181 2.77181 3.17181
