-0.522 -0 0 10 3 1.16933 1 1.36933
-0.522 -0 10 20 3 1.16868 1 1.36868
-0.522 -0 20 30 3 1.16739 1 1.36739
-0.522 -0 30 40 3 1.16547 1 1.36547
-0.522 -0 40 50 3 1.16293 1 1.36293
-0.522 -0 50 60 3 1.15979 1 1.35979
-0.522 -0 60 70 3 1.15608 1 1.35608
-0.522 -0 70 80 3 1.15182 1 1.35182
-0.522 -0 80 90 3 1.14704 1 1.34704
-0.522 -0 90 100 3 1.14178 1 1.34178
-0.522 -0 100 110 3 1.13607 1 1.33607
-0.522 -0 110 135 3 1.12544 1 1.32544
-0.522 -0 135 160 3 1.10804 1 1.30804
-0.522 -0 160 185 3 1.08905 1 1.28905
-0.522 -0 185 210 3 1.06904 1 1.26904
-0.522 -0 210 235 3 1.0485 1 1.2485
-0.522 -0 235 260 3 1.02785 1 1.22785
-0.522 -0 260 285 3 1.00743 1 1.20743
-0.522 -0 285 310 3 1 1 1.18751
-0.522 -0 310 335 3 1 1 1.16827
-0.522 -0 335 360 3 1 1 1.14985
-0.522 -0 360 385 3 1 1 1.13234
-0.522 -0 385 410 3 1 1 1.11577
-0.522 -0 410 435 3 1 1 1.10017
-0.522 -0 435 460 3 1 1 1.08552
-0.522 -0 460 485 3 1 1 1.0718
-0.522 -0 485 7000 3 1 1 1
0 0.522 0 10 3 1.16933 1 1.36933
0 0.522 10 20 3 1.16868 1 1.36868
0 0.522 20 30 3 1.16739 1 1.36739
0 0.522 30 40 3 1.16547 1 1.36547
0 0.522 40 50 3 1.16293 1 1.36293
0 0.522 50 60 3 1.15979 1 1.35979
0 0.522 60 70 3 1.15608 1 1.35608
0 0.522 70 80 3 1.15182 1 1.35182
0 0.522 80 90 3 1.14704 1 1.34704
0 0.522 90 100 3 1.14178 1 1.34178
0 0.522 100 110 3 1.13607 1 1.33607
0 0.522 110 135 3 1.12544 1 1.32544
0 0.522 135 160 3 1.10804 1 1.30804
0 0.522 160 185 3 1.08905 1 1.28905
0 0.522 185 210 3 1.06904 1 1.26904
0 0.522 210 235 3 1.0485 1 1.2485
0 0.522 235 260 3 1.02785 1 1.22785
0 0.522 260 285 3 1.00743 1 1.20743
0 0.522 285 310 3 1 1 1.18751
0 0.522 310 335 3 1 1 1.16827
0 0.522 335 360 3 1 1 1.14985
0 0.522 360 385 3 1 1 1.13234
0 0.522 385 410 3 1 1 1.11577
0 0.522 410 435 3 1 1 1.10017
0 0.522 435 460 3 1 1 1.08552
0 0.522 460 485 3 1 1 1.0718
0 0.522 485 7000 3 1 1 1
-1.131 -0.783 0 10 3 1.10955 1 1.30955
-1.131 -0.783 10 20 3 1.1096 1 1.3096
-1.131 -0.783 20 30 3 1.1097 1 1.3097
-1.131 -0.783 30 40 3 1.10985 1 1.30985
-1.131 -0.783 40 50 3 1.11005 1 1.31005
-1.131 -0.783 50 60 3 1.11029 1 1.31029
-1.131 -0.783 60 70 3 1.11058 1 1.31058
-1.131 -0.783 70 80 3 1.1109 1 1.3109
-1.131 -0.783 80 90 3 1.11127 1 1.31127
-1.131 -0.783 90 100 3 1.11167 1 1.31167
-1.131 -0.783 100 110 3 1.1121 1 1.3121
-1.131 -0.783 110 135 3 1.1129 1 1.3129
-1.131 -0.783 135 160 3 1.11419 1 1.31419
-1.131 -0.783 160 185 3 1.11558 1 1.31558
-1.131 -0.783 185 210 3 1.11701 1 1.31701
-1.131 -0.783 210 235 3 1.11845 1 1.31845
-1.131 -0.783 235 260 3 1.11987 1 1.31987
-1.131 -0.783 260 285 3 1.12124 1 1.32124
-1.131 -0.783 285 310 3 1.12255 1 1.32255
-1.131 -0.783 310 335 3 1.12379 1 1.32379
-1.131 -0.783 335 360 3 1.12495 1 1.32495
-1.131 -0.783 360 385 3 1.12604 1 1.32604
-1.131 -0.783 385 410 3 1.12704 1 1.32704
-1.131 -0.783 410 435 3 1.12797 1 1.32797
-1.131 -0.783 435 460 3 1.12883 1 1.32883
-1.131 -0.783 460 485 3 1.12962 1 1.32962
-1.131 -0.783 485 7000 3 1.14046 1 1.34046
0.783 1.131 0 10 3 1.10955 1 1.30955
0.783 1.131 10 20 3 1.1096 1 1.3096
0.783 1.131 20 30 3 1.1097 1 1.3097
0.783 1.131 30 40 3 1.10985 1 1.30985
0.783 1.131 40 50 3 1.11005 1 1.31005
0.783 1.131 50 60 3 1.11029 1 1.31029
0.783 1.131 60 70 3 1.11058 1 1.31058
0.783 1.131 70 80 3 1.1109 1 1.3109
0.783 1.131 80 90 3 1.11127 1 1.31127
0.783 1.131 90 100 3 1.11167 1 1.31167
0.783 1.131 100 110 3 1.1121 1 1.3121
0.783 1.131 110 135 3 1.1129 1 1.3129
0.783 1.131 135 160 3 1.11419 1 1.31419
0.783 1.131 160 185 3 1.11558 1 1.31558
0.783 1.131 185 210 3 1.11701 1 1.31701
0.783 1.131 210 235 3 1.11845 1 1.31845
0.783 1.131 235 260 3 1.11987 1 1.31987
0.783 1.131 260 285 3 1.12124 1 1.32124
0.783 1.131 285 310 3 1.12255 1 1.32255
0.783 1.131 310 335 3 1.12379 1 1.32379
0.783 1.131 335 360 3 1.12495 1 1.32495
0.783 1.131 360 385 3 1.12604 1 1.32604
0.783 1.131 385 410 3 1.12704 1 1.32704
0.783 1.131 410 435 3 1.12797 1 1.32797
0.783 1.131 435 460 3 1.12883 1 1.32883
0.783 1.131 460 485 3 1.12962 1 1.32962
0.783 1.131 485 7000 3 1.14046 1 1.34046
-2.043 -1.93 0 10 3 1.16566 1 1.36566
-2.043 -1.93 10 20 3 1.16554 1 1.36554
-2.043 -1.93 20 30 3 1.16528 1 1.36528
-2.043 -1.93 30 40 3 1.16491 1 1.36491
-2.043 -1.93 40 50 3 1.16441 1 1.36441
-2.043 -1.93 50 60 3 1.1638 1 1.3638
-2.043 -1.93 60 70 3 1.16308 1 1.36308
-2.043 -1.93 70 80 3 1.16225 1 1.36225
-2.043 -1.93 80 90 3 1.16133 1 1.36133
-2.043 -1.93 90 100 3 1.16031 1 1.36031
-2.043 -1.93 100 110 3 1.15922 1 1.35922
-2.043 -1.93 110 135 3 1.15719 1 1.35719
-2.043 -1.93 135 160 3 1.15391 1 1.35391
-2.043 -1.93 160 185 3 1.15037 1 1.35037
-2.043 -1.93 185 210 3 1.1467 1 1.3467
-2.043 -1.93 210 235 3 1.14298 1 1.34298
-2.043 -1.93 235 260 3 1.13931 1 1.33931
-2.043 -1.93 260 285 3 1.13575 1 1.33575
-2.043 -1.93 285 310 3 1.13232 1 1.33232
-2.043 -1.93 310 335 3 1.12907 1 1.32907
-2.043 -1.93 335 360 3 1.12601 1 1.32601
-2.043 -1.93 360 385 3 1.12315 1 1.32315
-2.043 -1.93 385 410 3 1.12048 1 1.32048
-2.043 -1.93 410 435 3 1.11801 1 1.31801
-2.043 -1.93 435 460 3 1.11572 1 1.31572
-2.043 -1.93 460 485 3 1.11361 1 1.31361
-2.043 -1.93 485 7000 3 1.08405 1 1.28405
1.93 2.043 0 10 3 1.16566 1 1.36566
1.93 2.043 10 20 3 1.16554 1 1.36554
1.93 2.043 20 30 3 1.16528 1 1.36528
1.93 2.043 30 40 3 1.16491 1 1.36491
1.93 2.043 40 50 3 1.16441 1 1.36441
1.93 2.043 50 60 3 1.1638 1 1.3638
1.93 2.043 60 70 3 1.16308 1 1.36308
1.93 2.043 70 80 3 1.16225 1 1.36225
1.93 2.043 80 90 3 1.16133 1 1.36133
1.93 2.043 90 100 3 1.16031 1 1.36031
1.93 2.043 100 110 3 1.15922 1 1.35922
1.93 2.043 110 135 3 1.15719 1 1.35719
1.93 2.043 135 160 3 1.15391 1 1.35391
1.93 2.043 160 185 3 1.15037 1 1.35037
1.93 2.043 185 210 3 1.1467 1 1.3467
1.93 2.043 210 235 3 1.14298 1 1.34298
1.93 2.043 235 260 3 1.13931 1 1.33931
1.93 2.043 260 285 3 1.13575 1 1.33575
1.93 2.043 285 310 3 1.13232 1 1.33232
1.93 2.043 310 335 3 1.12907 1 1.32907
1.93 2.043 335 360 3 1.12601 1 1.32601
1.93 2.043 360 385 3 1.12315 1 1.32315
1.93 2.043 385 410 3 1.12048 1 1.32048
1.93 2.043 410 435 3 1.11801 1 1.31801
1.93 2.043 435 460 3 1.11572 1 1.31572
1.93 2.043 460 485 3 1.11361 1 1.31361
1.93 2.043 485 7000 3 1.08405 1 1.28405
-2.5 -2.322 0 10 3 1.17309 1 1.37309
-2.5 -2.322 10 20 3 1.17348 1 1.37348
-2.5 -2.322 20 30 3 1.17424 1 1.37424
-2.5 -2.322 30 40 3 1.17537 1 1.37537
-2.5 -2.322 40 50 3 1.17686 1 1.37686
-2.5 -2.322 50 60 3 1.1787 1 1.3787
-2.5 -2.322 60 70 3 1.18086 1 1.38086
-2.5 -2.322 70 80 3 1.18332 1 1.38332
-2.5 -2.322 80 90 3 1.18607 1 1.38607
-2.5 -2.322 90 100 3 1.18907 1 1.38907
-2.5 -2.322 100 110 3 1.19231 1 1.39231
-2.5 -2.322 110 135 3 1.19827 1 1.39827
-2.5 -2.322 135 160 3 1.20785 1.00785 1.40785
-2.5 -2.322 160 185 3 1.21805 1.01805 1.41805
-2.5 -2.322 185 210 3 1.22851 1.02851 1.42851
-2.5 -2.322 210 235 3 1.23896 1.03896 1.43896
-2.5 -2.322 235 260 3 1.24918 1.04918 1.44918
-2.5 -2.322 260 285 3 1.259 1.059 1.459
-2.5 -2.322 285 310 3 1.26832 1.06832 1.46832
-2.5 -2.322 310 335 3 1.27709 1.07709 1.47709
-2.5 -2.322 335 360 3 1.28526 1.08526 1.48526
-2.5 -2.322 360 385 3 1.29284 1.09284 1.49284
-2.5 -2.322 385 410 3 1.29984 1.09984 1.49984
-2.5 -2.322 410 435 3 1.30629 1.10629 1.50629
-2.5 -2.322 435 460 3 1.31221 1.11221 1.51221
-2.5 -2.322 460 485 3 1.31765 1.11765 1.51765
-2.5 -2.322 485 7000 3 1.39043 1.19043 1.59043
2.322 2.5 0 10 3 1.17309 1 1.37309
2.322 2.5 10 20 3 1.17348 1 1.37348
2.322 2.5 20 30 3 1.17424 1 1.37424
2.322 2.5 30 40 3 1.17537 1 1.37537
2.322 2.5 40 50 3 1.17686 1 1.37686
2.322 2.5 50 60 3 1.1787 1 1.3787
2.322 2.5 60 70 3 1.18086 1 1.38086
2.322 2.5 70 80 3 1.18332 1 1.38332
2.322 2.5 80 90 3 1.18607 1 1.38607
2.322 2.5 90 100 3 1.18907 1 1.38907
2.322 2.5 100 110 3 1.19231 1 1.39231
2.322 2.5 110 135 3 1.19827 1 1.39827
2.322 2.5 135 160 3 1.20785 1.00785 1.40785
2.322 2.5 160 185 3 1.21805 1.01805 1.41805
2.322 2.5 185 210 3 1.22851 1.02851 1.42851
2.322 2.5 210 235 3 1.23896 1.03896 1.43896
2.322 2.5 235 260 3 1.24918 1.04918 1.44918
2.322 2.5 260 285 3 1.259 1.059 1.459
2.322 2.5 285 310 3 1.26832 1.06832 1.46832
2.322 2.5 310 335 3 1.27709 1.07709 1.47709
2.322 2.5 335 360 3 1.28526 1.08526 1.48526
2.322 2.5 360 385 3 1.29284 1.09284 1.49284
2.322 2.5 385 410 3 1.29984 1.09984 1.49984
2.322 2.5 410 435 3 1.30629 1.10629 1.50629
2.322 2.5 435 460 3 1.31221 1.11221 1.51221
2.322 2.5 460 485 3 1.31765 1.11765 1.51765
2.322 2.5 485 7000 3 1.39043 1.19043 1.59043
-2.65 -2.5 0 10 3 1.15498 1 1.35498
-2.65 -2.5 10 20 3 1.15849 1 1.35849
-2.65 -2.5 20 30 3 1.16544 1 1.36544
-2.65 -2.5 30 40 3 1.17571 1 1.37571
-2.65 -2.5 40 50 3 1.18911 1 1.38911
-2.65 -2.5 50 60 3 1.20543 1.00543 1.40543
-2.65 -2.5 60 70 3 1.22439 1.02439 1.42439
-2.65 -2.5 70 80 3 1.24572 1.04572 1.44572
-2.65 -2.5 80 90 3 1.26912 1.06912 1.46912
-2.65 -2.5 90 100 3 1.2943 1.0943 1.4943
-2.65 -2.5 100 110 3 1.32094 1.12094 1.52094
-2.65 -2.5 110 135 3 1.36884 1.16884 1.56884
-2.65 -2.5 135 160 3 1.44293 1.24293 1.64293
-2.65 -2.5 160 185 3 1.51842 1.31842 1.71842
-2.65 -2.5 185 210 3 1.59281 1.39281 1.79281
-2.65 -2.5 210 235 3 1.66437 1.46437 1.86437
-2.65 -2.5 235 260 3 1.73202 1.53202 1.93202
-2.65 -2.5 260 285 3 1.79516 1.59516 1.99516
-2.65 -2.5 285 310 3 1.85354 1.65354 2.05354
-2.65 -2.5 310 335 3 1.90715 1.70715 2.10715
-2.65 -2.5 335 360 3 1.95616 1.75616 2.15616
-2.65 -2.5 360 385 3 2.0008 1.8008 2.2008
-2.65 -2.5 385 410 3 2.0414 1.8414 2.2414
-2.65 -2.5 410 435 3 2.07826 1.87826 2.27826
-2.65 -2.5 435 460 3 2.11172 1.91172 2.31172
-2.65 -2.5 460 485 3 2.14209 1.94209 2.34209
-2.65 -2.5 485 7000 3 2.52393 2.32393 2.72393
2.5 2.65 0 10 3 1.15498 1 1.35498
2.5 2.65 10 20 3 1.15849 1 1.35849
2.5 2.65 20 30 3 1.16544 1 1.36544
2.5 2.65 30 40 3 1.17571 1 1.37571
2.5 2.65 40 50 3 1.18911 1 1.38911
2.5 2.65 50 60 3 1.20543 1.00543 1.40543
2.5 2.65 60 70 3 1.22439 1.02439 1.42439
2.5 2.65 70 80 3 1.24572 1.04572 1.44572
2.5 2.65 80 90 3 1.26912 1.06912 1.46912
2.5 2.65 90 100 3 1.2943 1.0943 1.4943
2.5 2.65 100 110 3 1.32094 1.12094 1.52094
2.5 2.65 110 135 3 1.36884 1.16884 1.56884
2.5 2.65 135 160 3 1.44293 1.24293 1.64293
2.5 2.65 160 185 3 1.51842 1.31842 1.71842
2.5 2.65 185 210 3 1.59281 1.39281 1.79281
2.5 2.65 210 235 3 1.66437 1.46437 1.86437
2.5 2.65 235 260 3 1.73202 1.53202 1.93202
2.5 2.65 260 285 3 1.79516 1.59516 1.99516
2.5 2.65 285 310 3 1.85354 1.65354 2.05354
2.5 2.65 310 335 3 1.90715 1.70715 2.10715
2.5 2.65 335 360 3 1.95616 1.75616 2.15616
2.5 2.65 360 385 3 2.0008 1.8008 2.2008
2.5 2.65 385 410 3 2.0414 1.8414 2.2414
2.5 2.65 410 435 3 2.07826 1.87826 2.27826
2.5 2.65 435 460 3 2.11172 1.91172 2.31172
2.5 2.65 460 485 3 2.14209 1.94209 2.34209
2.5 2.65 485 7000 3 2.52393 2.32393 2.72393
-2.853 -2.65 0 10 3 1.00287 1 1.20287
-2.853 -2.65 10 20 3 1.02383 1 1.22383
-2.853 -2.65 20 30 3 1.06378 1 1.26378
-2.853 -2.65 30 40 3 1.11934 1 1.31934
-2.853 -2.65 40 50 3 1.18659 1 1.38659
-2.853 -2.65 50 60 3 1.26168 1.06168 1.46168
-2.853 -2.65 60 70 3 1.34127 1.14127 1.54127
-2.853 -2.65 70 80 3 1.42266 1.22266 1.62266
-2.853 -2.65 80 90 3 1.50377 1.30377 1.70377
-2.853 -2.65 90 100 3 1.58309 1.38309 1.78309
-2.853 -2.65 100 110 3 1.65956 1.45956 1.85956
-2.853 -2.65 110 135 3 1.78119 1.58119 1.98119
-2.853 -2.65 135 160 3 1.93847 1.73847 2.13847
-2.853 -2.65 160 185 3 2.07015 1.87015 2.27015
-2.853 -2.65 185 210 3 2.17889 1.97889 2.37889
-2.853 -2.65 210 235 3 2.26824 2.06824 2.46824
-2.853 -2.65 235 260 3 2.34166 2.14166 2.54166
-2.853 -2.65 260 285 3 2.40219 2.20219 2.60219
-2.853 -2.65 285 310 3 2.45235 2.25235 2.65235
-2.853 -2.65 310 335 3 2.49418 2.29418 2.69418
-2.853 -2.65 335 360 3 2.52928 2.32928 2.72928
-2.853 -2.65 360 385 3 2.55893 2.35893 2.75893
-2.853 -2.65 385 410 3 2.58415 2.38415 2.78415
-2.853 -2.65 410 435 3 2.60573 2.40573 2.80573
-2.853 -2.65 435 460 3 2.62431 2.42431 2.82431
-2.853 -2.65 460 485 3 2.64041 2.44041 2.84041
-2.853 -2.65 485 7000 3 2.79481 2.59481 2.99481
2.65 2.853 0 10 3 1.00287 1 1.20287
2.65 2.853 10 20 3 1.02383 1 1.22383
2.65 2.853 20 30 3 1.06378 1 1.26378
2.65 2.853 30 40 3 1.11934 1 1.31934
2.65 2.853 40 50 3 1.18659 1 1.38659
2.65 2.853 50 60 3 1.26168 1.06168 1.46168
2.65 2.853 60 70 3 1.34127 1.14127 1.54127
2.65 2.853 70 80 3 1.42266 1.22266 1.62266
2.65 2.853 80 90 3 1.50377 1.30377 1.70377
2.65 2.853 90 100 3 1.58309 1.38309 1.78309
2.65 2.853 100 110 3 1.65956 1.45956 1.85956
2.65 2.853 110 135 3 1.78119 1.58119 1.98119
2.65 2.853 135 160 3 1.93847 1.73847 2.13847
2.65 2.853 160 185 3 2.07015 1.87015 2.27015
2.65 2.853 185 210 3 2.17889 1.97889 2.37889
2.65 2.853 210 235 3 2.26824 2.06824 2.46824
2.65 2.853 235 260 3 2.34166 2.14166 2.54166
2.65 2.853 260 285 3 2.40219 2.20219 2.60219
2.65 2.853 285 310 3 2.45235 2.25235 2.65235
2.65 2.853 310 335 3 2.49418 2.29418 2.69418
2.65 2.853 335 360 3 2.52928 2.32928 2.72928
2.65 2.853 360 385 3 2.55893 2.35893 2.75893
2.65 2.853 385 410 3 2.58415 2.38415 2.78415
2.65 2.853 410 435 3 2.60573 2.40573 2.80573
2.65 2.853 435 460 3 2.62431 2.42431 2.82431
2.65 2.853 460 485 3 2.64041 2.44041 2.84041
2.65 2.853 485 7000 3 2.79481 2.59481 2.99481
-2.964 -2.853 0 10 3 1.09306 1 1.29306
-2.964 -2.853 10 20 3 1.11095 1 1.31095
-2.964 -2.853 20 30 3 1.14526 1 1.34526
-2.964 -2.853 30 40 3 1.19342 1 1.39342
-2.964 -2.853 40 50 3 1.25228 1.05228 1.45228
-2.964 -2.853 50 60 3 1.31866 1.11866 1.51866
-2.964 -2.853 60 70 3 1.38968 1.18968 1.58968
-2.964 -2.853 70 80 3 1.46289 1.26289 1.66289
-2.964 -2.853 80 90 3 1.53636 1.33636 1.73636
-2.964 -2.853 90 100 3 1.60863 1.40863 1.80863
-2.964 -2.853 100 110 3 1.67866 1.47866 1.87866
-2.964 -2.853 110 135 3 1.79064 1.59064 1.99064
-2.964 -2.853 135 160 3 1.93637 1.73637 2.13637
-2.964 -2.853 160 185 3 2.05902 1.85902 2.25902
-2.964 -2.853 185 210 3 2.16067 1.96067 2.36067
-2.964 -2.853 210 235 3 2.2444 2.0444 2.4444
-2.964 -2.853 235 260 3 2.31334 2.11334 2.51334
-2.964 -2.853 260 285 3 2.37026 2.17026 2.57026
-2.964 -2.853 285 310 3 2.41748 2.21748 2.61748
-2.964 -2.853 310 335 3 2.45688 2.25688 2.65688
-2.964 -2.853 335 360 3 2.48997 2.28997 2.68997
-2.964 -2.853 360 385 3 2.51794 2.31794 2.71794
-2.964 -2.853 385 410 3 2.54174 2.34174 2.74174
-2.964 -2.853 410 435 3 2.56211 2.36211 2.76211
-2.964 -2.853 435 460 3 2.57966 2.37966 2.77966
-2.964 -2.853 460 485 3 2.59487 2.39487 2.79487
-2.964 -2.853 485 7000 3 2.74087 2.54087 2.94087
2.853 2.964 0 10 3 1.09306 1 1.29306
2.853 2.964 10 20 3 1.11095 1 1.31095
2.853 2.964 20 30 3 1.14526 1 1.34526
2.853 2.964 30 40 3 1.19342 1 1.39342
2.853 2.964 40 50 3 1.25228 1.05228 1.45228
2.853 2.964 50 60 3 1.31866 1.11866 1.51866
2.853 2.964 60 70 3 1.38968 1.18968 1.58968
2.853 2.964 70 80 3 1.46289 1.26289 1.66289
2.853 2.964 80 90 3 1.53636 1.33636 1.73636
2.853 2.964 90 100 3 1.60863 1.40863 1.80863
2.853 2.964 100 110 3 1.67866 1.47866 1.87866
2.853 2.964 110 135 3 1.79064 1.59064 1.99064
2.853 2.964 135 160 3 1.93637 1.73637 2.13637
2.853 2.964 160 185 3 2.05902 1.85902 2.25902
2.853 2.964 185 210 3 2.16067 1.96067 2.36067
2.853 2.964 210 235 3 2.2444 2.0444 2.4444
2.853 2.964 235 260 3 2.31334 2.11334 2.51334
2.853 2.964 260 285 3 2.37026 2.17026 2.57026
2.853 2.964 285 310 3 2.41748 2.21748 2.61748
2.853 2.964 310 335 3 2.45688 2.25688 2.65688
2.853 2.964 335 360 3 2.48997 2.28997 2.68997
2.853 2.964 360 385 3 2.51794 2.31794 2.71794
2.853 2.964 385 410 3 2.54174 2.34174 2.74174
2.853 2.964 410 435 3 2.56211 2.36211 2.76211
2.853 2.964 435 460 3 2.57966 2.37966 2.77966
2.853 2.964 460 485 3 2.59487 2.39487 2.79487
2.853 2.964 485 7000 3 2.74087 2.54087 2.94087
