-0.522 -0 0 10 3 1.17177 1 1.37177
-0.522 -0 10 20 3 1.17099 1 1.37099
-0.522 -0 20 30 3 1.16942 1 1.36942
-0.522 -0 30 40 3 1.16709 1 1.36709
-0.522 -0 40 50 3 1.164 1 1.364
-0.522 -0 50 60 3 1.16019 1 1.36019
-0.522 -0 60 70 3 1.15568 1 1.35568
-0.522 -0 70 80 3 1.15049 1 1.35049
-0.522 -0 80 90 3 1.14468 1 1.34468
-0.522 -0 90 100 3 1.13826 1 1.33826
-0.522 -0 100 110 3 1.1313 1 1.3313
-0.522 -0 110 135 3 1.1183 1 1.3183
-0.522 -0 135 160 3 1.09697 1 1.29697
-0.522 -0 160 185 3 1.0736 1 1.2736
-0.522 -0 185 210 3 1.04887 1 1.24887
-0.522 -0 210 235 3 1.02335 1 1.22335
-0.522 -0 235 260 3 1 1 1.19755
-0.522 -0 260 285 3 1 1 1.1719
-0.522 -0 285 310 3 1 1 1.14671
-0.522 -0 310 335 3 1 1 1.12223
-0.522 -0 335 360 3 1 1 1.09865
-0.522 -0 360 385 3 1 1 1.07606
-0.522 -0 385 410 3 1 1 1.05455
-0.522 -0 410 435 3 1 1 1.03415
-0.522 -0 435 460 3 1 1 1.01486
-0.522 -0 460 485 3 1 1 1
-0.522 -0 485 7000 3 1 1 1
0 0.522 0 10 3 1.17177 1 1.37177
0 0.522 10 20 3 1.17099 1 1.37099
0 0.522 20 30 3 1.16942 1 1.36942
0 0.522 30 40 3 1.16709 1 1.36709
0 0.522 40 50 3 1.164 1 1.364
0 0.522 50 60 3 1.16019 1 1.36019
0 0.522 60 70 3 1.15568 1 1.35568
0 0.522 70 80 3 1.15049 1 1.35049
0 0.522 80 90 3 1.14468 1 1.34468
0 0.522 90 100 3 1.13826 1 1.33826
0 0.522 100 110 3 1.1313 1 1.3313
0 0.522 110 135 3 1.1183 1 1.3183
0 0.522 135 160 3 1.09697 1 1.29697
0 0.522 160 185 3 1.0736 1 1.2736
0 0.522 185 210 3 1.04887 1 1.24887
0 0.522 210 235 3 1.02335 1 1.22335
0 0.522 235 260 3 1 1 1.19755
0 0.522 260 285 3 1 1 1.1719
0 0.522 285 310 3 1 1 1.14671
0 0.522 310 335 3 1 1 1.12223
0 0.522 335 360 3 1 1 1.09865
0 0.522 360 385 3 1 1 1.07606
0 0.522 385 410 3 1 1 1.05455
0 0.522 410 435 3 1 1 1.03415
0 0.522 435 460 3 1 1 1.01486
0 0.522 460 485 3 1 1 1
0 0.522 485 7000 3 1 1 1
-1.305 -1.131 0 10 3 1.09281 1 1.29281
-1.305 -1.131 10 20 3 1.09283 1 1.29283
-1.305 -1.131 20 30 3 1.09287 1 1.29287
-1.305 -1.131 30 40 3 1.09292 1 1.29292
-1.305 -1.131 40 50 3 1.09299 1 1.29299
-1.305 -1.131 50 60 3 1.09308 1 1.29308
-1.305 -1.131 60 70 3 1.09318 1 1.29318
-1.305 -1.131 70 80 3 1.0933 1 1.2933
-1.305 -1.131 80 90 3 1.09343 1 1.29343
-1.305 -1.131 90 100 3 1.09358 1 1.29358
-1.305 -1.131 100 110 3 1.09374 1 1.29374
-1.305 -1.131 110 135 3 1.09402 1 1.29402
-1.305 -1.131 135 160 3 1.09449 1 1.29449
-1.305 -1.131 160 185 3 1.09499 1 1.29499
-1.305 -1.131 185 210 3 1.09551 1 1.29551
-1.305 -1.131 210 235 3 1.09603 1 1.29603
-1.305 -1.131 235 260 3 1.09655 1 1.29655
-1.305 -1.131 260 285 3 1.09704 1 1.29704
-1.305 -1.131 285 310 3 1.09752 1 1.29752
-1.305 -1.131 310 335 3 1.09797 1 1.29797
-1.305 -1.131 335 360 3 1.09839 1 1.29839
-1.305 -1.131 360 385 3 1.09879 1 1.29879
-1.305 -1.131 385 410 3 1.09916 1 1.29916
-1.305 -1.131 410 435 3 1.09949 1 1.29949
-1.305 -1.131 435 460 3 1.09981 1 1.29981
-1.305 -1.131 460 485 3 1.1001 1 1.3001
-1.305 -1.131 485 7000 3 1.10406 1 1.30406
1.131 1.305 0 10 3 1.09281 1 1.29281
1.131 1.305 10 20 3 1.09283 1 1.29283
1.131 1.305 20 30 3 1.09287 1 1.29287
1.131 1.305 30 40 3 1.09292 1 1.29292
1.131 1.305 40 50 3 1.09299 1 1.29299
1.131 1.305 50 60 3 1.09308 1 1.29308
1.131 1.305 60 70 3 1.09318 1 1.29318
1.131 1.305 70 80 3 1.0933 1 1.2933
1.131 1.305 80 90 3 1.09343 1 1.29343
1.131 1.305 90 100 3 1.09358 1 1.29358
1.131 1.305 100 110 3 1.09374 1 1.29374
1.131 1.305 110 135 3 1.09402 1 1.29402
1.131 1.305 135 160 3 1.09449 1 1.29449
1.131 1.305 160 185 3 1.09499 1 1.29499
1.131 1.305 185 210 3 1.09551 1 1.29551
1.131 1.305 210 235 3 1.09603 1 1.29603
1.131 1.305 235 260 3 1.09655 1 1.29655
1.131 1.305 260 285 3 1.09704 1 1.29704
1.131 1.305 285 310 3 1.09752 1 1.29752
1.131 1.305 310 335 3 1.09797 1 1.29797
1.131 1.305 335 360 3 1.09839 1 1.29839
1.131 1.305 360 385 3 1.09879 1 1.29879
1.131 1.305 385 410 3 1.09916 1 1.29916
1.131 1.305 410 435 3 1.09949 1 1.29949
1.131 1.305 435 460 3 1.09981 1 1.29981
1.131 1.305 460 485 3 1.1001 1 1.3001
1.131 1.305 485 7000 3 1.10406 1 1.30406
-2.5 -2.322 0 10 3 1.20908 1.00908 1.40908
-2.5 -2.322 10 20 3 1.20903 1.00903 1.40903
-2.5 -2.322 20 30 3 1.20894 1.00894 1.40894
-2.5 -2.322 30 40 3 1.20881 1.00881 1.40881
-2.5 -2.322 40 50 3 1.20864 1.00864 1.40864
-2.5 -2.322 50 60 3 1.20842 1.00842 1.40842
-2.5 -2.322 60 70 3 1.20817 1.00817 1.40817
-2.5 -2.322 70 80 3 1.20788 1.00788 1.40788
-2.5 -2.322 80 90 3 1.20756 1.00756 1.40756
-2.5 -2.322 90 100 3 1.2072 1.0072 1.4072
-2.5 -2.322 100 110 3 1.20682 1.00682 1.40682
-2.5 -2.322 110 135 3 1.20611 1.00611 1.40611
-2.5 -2.322 135 160 3 1.20497 1.00497 1.40497
-2.5 -2.322 160 185 3 1.20374 1.00374 1.40374
-2.5 -2.322 185 210 3 1.20246 1.00246 1.40246
-2.5 -2.322 210 235 3 1.20118 1.00118 1.40118
-2.5 -2.322 235 260 3 1.19991 1 1.39991
-2.5 -2.322 260 285 3 1.19868 1 1.39868
-2.5 -2.322 285 310 3 1.1975 1 1.3975
-2.5 -2.322 310 335 3 1.19638 1 1.39638
-2.5 -2.322 335 360 3 1.19533 1 1.39533
-2.5 -2.322 360 385 3 1.19435 1 1.39435
-2.5 -2.322 385 410 3 1.19344 1 1.39344
-2.5 -2.322 410 435 3 1.1926 1 1.3926
-2.5 -2.322 435 460 3 1.19182 1 1.39182
-2.5 -2.322 460 485 3 1.1911 1 1.3911
-2.5 -2.322 485 7000 3 1.18115 1 1.38115
2.322 2.5 0 10 3 1.20908 1.00908 1.40908
2.322 2.5 10 20 3 1.20903 1.00903 1.40903
2.322 2.5 20 30 3 1.20894 1.00894 1.40894
2.322 2.5 30 40 3 1.20881 1.00881 1.40881
2.322 2.5 40 50 3 1.20864 1.00864 1.40864
2.322 2.5 50 60 3 1.20842 1.00842 1.40842
2.322 2.5 60 70 3 1.20817 1.00817 1.40817
2.322 2.5 70 80 3 1.20788 1.00788 1.40788
2.322 2.5 80 90 3 1.20756 1.00756 1.40756
2.322 2.5 90 100 3 1.2072 1.0072 1.4072
2.322 2.5 100 110 3 1.20682 1.00682 1.40682
2.322 2.5 110 135 3 1.20611 1.00611 1.40611
2.322 2.5 135 160 3 1.20497 1.00497 1.40497
2.322 2.5 160 185 3 1.20374 1.00374 1.40374
2.322 2.5 185 210 3 1.20246 1.00246 1.40246
2.322 2.5 210 235 3 1.20118 1.00118 1.40118
2.322 2.5 235 260 3 1.19991 1 1.39991
2.322 2.5 260 285 3 1.19868 1 1.39868
2.322 2.5 285 310 3 1.1975 1 1.3975
2.322 2.5 310 335 3 1.19638 1 1.39638
2.322 2.5 335 360 3 1.19533 1 1.39533
2.322 2.5 360 385 3 1.19435 1 1.39435
2.322 2.5 385 410 3 1.19344 1 1.39344
2.322 2.5 410 435 3 1.1926 1 1.3926
2.322 2.5 435 460 3 1.19182 1 1.39182
2.322 2.5 460 485 3 1.1911 1 1.3911
2.322 2.5 485 7000 3 1.18115 1 1.38115
-2.65 -2.5 0 10 3 1.19685 1 1.39685
-2.65 -2.5 10 20 3 1.19779 1 1.39779
-2.65 -2.5 20 30 3 1.19965 1 1.39965
-2.65 -2.5 30 40 3 1.20243 1.00243 1.40243
-2.65 -2.5 40 50 3 1.20608 1.00608 1.40608
-2.65 -2.5 50 60 3 1.21056 1.01056 1.41056
-2.65 -2.5 60 70 3 1.21582 1.01582 1.41582
-2.65 -2.5 70 80 3 1.22181 1.02181 1.42181
-2.65 -2.5 80 90 3 1.22847 1.02847 1.42847
-2.65 -2.5 90 100 3 1.23573 1.03573 1.43573
-2.65 -2.5 100 110 3 1.24352 1.04352 1.44352
-2.65 -2.5 110 135 3 1.2578 1.0578 1.4578
-2.65 -2.5 135 160 3 1.28055 1.08055 1.48055
-2.65 -2.5 160 185 3 1.30453 1.10453 1.50453
-2.65 -2.5 185 210 3 1.32889 1.12889 1.52889
-2.65 -2.5 210 235 3 1.35298 1.15298 1.55298
-2.65 -2.5 235 260 3 1.37632 1.17632 1.57632
-2.65 -2.5 260 285 3 1.39857 1.19857 1.59857
-2.65 -2.5 285 310 3 1.41952 1.21952 1.61952
-2.65 -2.5 310 335 3 1.43908 1.23908 1.63908
-2.65 -2.5 335 360 3 1.4572 1.2572 1.6572
-2.65 -2.5 360 385 3 1.47391 1.27391 1.67391
-2.65 -2.5 385 410 3 1.48926 1.28926 1.68926
-2.65 -2.5 410 435 3 1.50332 1.30332 1.70332
-2.65 -2.5 435 460 3 1.51619 1.31619 1.71619
-2.65 -2.5 460 485 3 1.52796 1.32796 1.72796
-2.65 -2.5 485 7000 3 1.68184 1.48184 1.88184
2.5 2.65 0 10 3 1.19685 1 1.39685
2.5 2.65 10 20 3 1.19779 1 1.39779
2.5 2.65 20 30 3 1.19965 1 1.39965
2.5 2.65 30 40 3 1.20243 1.00243 1.40243
2.5 2.65 40 50 3 1.20608 1.00608 1.40608
2.5 2.65 50 60 3 1.21056 1.01056 1.41056
2.5 2.65 60 70 3 1.21582 1.01582 1.41582
2.5 2.65 70 80 3 1.22181 1.02181 1.42181
2.5 2.65 80 90 3 1.22847 1.02847 1.42847
2.5 2.65 90 100 3 1.23573 1.03573 1.43573
2.5 2.65 100 110 3 1.24352 1.04352 1.44352
2.5 2.65 110 135 3 1.2578 1.0578 1.4578
2.5 2.65 135 160 3 1.28055 1.08055 1.48055
2.5 2.65 160 185 3 1.30453 1.10453 1.50453
2.5 2.65 185 210 3 1.32889 1.12889 1.52889
2.5 2.65 210 235 3 1.35298 1.15298 1.55298
2.5 2.65 235 260 3 1.37632 1.17632 1.57632
2.5 2.65 260 285 3 1.39857 1.19857 1.59857
2.5 2.65 285 310 3 1.41952 1.21952 1.61952
2.5 2.65 310 335 3 1.43908 1.23908 1.63908
2.5 2.65 335 360 3 1.4572 1.2572 1.6572
2.5 2.65 360 385 3 1.47391 1.27391 1.67391
2.5 2.65 385 410 3 1.48926 1.28926 1.68926
2.5 2.65 410 435 3 1.50332 1.30332 1.70332
2.5 2.65 435 460 3 1.51619 1.31619 1.71619
2.5 2.65 460 485 3 1.52796 1.32796 1.72796
2.5 2.65 485 7000 3 1.68184 1.48184 1.88184
-2.853 -2.65 0 10 3 1.03251 1 1.23251
-2.853 -2.65 10 20 3 1.04365 1 1.24365
-2.853 -2.65 20 30 3 1.06517 1 1.26517
-2.853 -2.65 30 40 3 1.09573 1 1.29573
-2.853 -2.65 40 50 3 1.1336 1 1.3336
-2.853 -2.65 50 60 3 1.17691 1 1.37691
-2.853 -2.65 60 70 3 1.22388 1.02388 1.42388
-2.853 -2.65 70 80 3 1.27293 1.07293 1.47293
-2.853 -2.65 80 90 3 1.32271 1.12271 1.52271
-2.853 -2.65 90 100 3 1.37216 1.17216 1.57216
-2.853 -2.65 100 110 3 1.4205 1.2205 1.6205
-2.853 -2.65 110 135 3 1.49854 1.29854 1.69854
-2.853 -2.65 135 160 3 1.60128 1.40128 1.80128
-2.853 -2.65 160 185 3 1.68862 1.48862 1.88862
-2.853 -2.65 185 210 3 1.76152 1.56152 1.96152
-2.853 -2.65 210 235 3 1.82188 1.62188 2.02188
-2.853 -2.65 235 260 3 1.87176 1.67176 2.07176
-2.853 -2.65 260 285 3 1.91306 1.71306 2.11306
-2.853 -2.65 285 310 3 1.9474 1.7474 2.1474
-2.853 -2.65 310 335 3 1.9761 1.7761 2.1761
-2.853 -2.65 335 360 3 2.00024 1.80024 2.20024
-2.853 -2.65 360 385 3 2.02067 1.82067 2.22067
-2.853 -2.65 385 410 3 2.03806 1.83806 2.23806
-2.853 -2.65 410 435 3 2.05296 1.85296 2.25296
-2.853 -2.65 435 460 3 2.06581 1.86581 2.26581
-2.853 -2.65 460 485 3 2.07695 1.87695 2.27695
-2.853 -2.65 485 7000 3 2.18415 1.98415 2.38415
2.65 2.853 0 10 3 1.03251 1 1.23251
2.65 2.853 10 20 3 1.04365 1 1.24365
2.65 2.853 20 30 3 1.06517 1 1.26517
2.65 2.853 30 40 3 1.09573 1 1.29573
2.65 2.853 40 50 3 1.1336 1 1.3336
2.65 2.853 50 60 3 1.17691 1 1.37691
2.65 2.853 60 70 3 1.22388 1.02388 1.42388
2.65 2.853 70 80 3 1.27293 1.07293 1.47293
2.65 2.853 80 90 3 1.32271 1.12271 1.52271
2.65 2.853 90 100 3 1.37216 1.17216 1.57216
2.65 2.853 100 110 3 1.4205 1.2205 1.6205
2.65 2.853 110 135 3 1.49854 1.29854 1.69854
2.65 2.853 135 160 3 1.60128 1.40128 1.80128
2.65 2.853 160 185 3 1.68862 1.48862 1.88862
2.65 2.853 185 210 3 1.76152 1.56152 1.96152
2.65 2.853 210 235 3 1.82188 1.62188 2.02188
2.65 2.853 235 260 3 1.87176 1.67176 2.07176
2.65 2.853 260 285 3 1.91306 1.71306 2.11306
2.65 2.853 285 310 3 1.9474 1.7474 2.1474
2.65 2.853 310 335 3 1.9761 1.7761 2.1761
2.65 2.853 335 360 3 2.00024 1.80024 2.20024
2.65 2.853 360 385 3 2.02067 1.82067 2.22067
2.65 2.853 385 410 3 2.03806 1.83806 2.23806
2.65 2.853 410 435 3 2.05296 1.85296 2.25296
2.65 2.853 435 460 3 2.06581 1.86581 2.26581
2.65 2.853 460 485 3 2.07695 1.87695 2.27695
2.65 2.853 485 7000 3 2.18415 1.98415 2.38415
-2.964 -2.853 0 10 3 1.27616 1.07616 1.47616
-2.964 -2.853 10 20 3 1.28279 1.08279 1.48279
-2.964 -2.853 20 30 3 1.29571 1.09571 1.49571
-2.964 -2.853 30 40 3 1.31427 1.11427 1.51427
-2.964 -2.853 40 50 3 1.33762 1.13762 1.53762
-2.964 -2.853 50 60 3 1.36478 1.16478 1.56478
-2.964 -2.853 60 70 3 1.39476 1.19476 1.59476
-2.964 -2.853 70 80 3 1.4266 1.2266 1.6266
-2.964 -2.853 80 90 3 1.45945 1.25945 1.65945
-2.964 -2.853 90 100 3 1.49257 1.29257 1.69257
-2.964 -2.853 100 110 3 1.52538 1.32538 1.72538
-2.964 -2.853 110 135 3 1.57921 1.37921 1.77921
-2.964 -2.853 135 160 3 1.65152 1.45152 1.85152
-2.964 -2.853 160 185 3 1.71415 1.51415 1.91415
-2.964 -2.853 185 210 3 1.76715 1.56715 1.96715
-2.964 -2.853 210 235 3 1.81148 1.61148 2.01148
-2.964 -2.853 235 260 3 1.84841 1.64841 2.04841
-2.964 -2.853 260 285 3 1.87917 1.67917 2.07917
-2.964 -2.853 285 310 3 1.90487 1.70487 2.10487
-2.964 -2.853 310 335 3 1.92643 1.72643 2.12643
-2.964 -2.853 335 360 3 1.94462 1.74462 2.14462
-2.964 -2.853 360 385 3 1.96005 1.76005 2.16005
-2.964 -2.853 385 410 3 1.97322 1.77322 2.17322
-2.964 -2.853 410 435 3 1.98452 1.78452 2.18452
-2.964 -2.853 435 460 3 1.99428 1.79428 2.19428
-2.964 -2.853 460 485 3 2.00275 1.80275 2.20275
-2.964 -2.853 485 7000 3 2.08473 1.88473 2.28473
2.853 2.964 0 10 3 1.27616 1.07616 1.47616
2.853 2.964 10 20 3 1.28279 1.08279 1.48279
2.853 2.964 20 30 3 1.29571 1.09571 1.49571
2.853 2.964 30 40 3 1.31427 1.11427 1.51427
2.853 2.964 40 50 3 1.33762 1.13762 1.53762
2.853 2.964 50 60 3 1.36478 1.16478 1.56478
2.853 2.964 60 70 3 1.39476 1.19476 1.59476
2.853 2.964 70 80 3 1.4266 1.2266 1.6266
2.853 2.964 80 90 3 1.45945 1.25945 1.65945
2.853 2.964 90 100 3 1.49257 1.29257 1.69257
2.853 2.964 100 110 3 1.52538 1.32538 1.72538
2.853 2.964 110 135 3 1.57921 1.37921 1.77921
2.853 2.964 135 160 3 1.65152 1.45152 1.85152
2.853 2.964 160 185 3 1.71415 1.51415 1.91415
2.853 2.964 185 210 3 1.76715 1.56715 1.96715
2.853 2.964 210 235 3 1.81148 1.61148 2.01148
2.853 2.964 235 260 3 1.84841 1.64841 2.04841
2.853 2.964 260 285 3 1.87917 1.67917 2.07917
2.853 2.964 285 310 3 1.90487 1.70487 2.10487
2.853 2.964 310 335 3 1.92643 1.72643 2.12643
2.853 2.964 335 360 3 1.94462 1.74462 2.14462
2.853 2.964 360 385 3 1.96005 1.76005 2.16005
2.853 2.964 385 410 3 1.97322 1.77322 2.17322
2.853 2.964 410 435 3 1.98452 1.78452 2.18452
2.853 2.964 435 460 3 1.99428 1.79428 2.19428
2.853 2.964 460 485 3 2.00275 1.80275 2.20275
2.853 2.964 485 7000 3 2.08473 1.88473 2.28473
-3.139 -2.964 0 10 3 1.34172 1.14172 1.54172
-3.139 -2.964 10 20 3 1.3411 1.1411 1.5411
-3.139 -2.964 20 30 3 1.33987 1.13987 1.53987
-3.139 -2.964 30 40 3 1.33808 1.13808 1.53808
-3.139 -2.964 40 50 3 1.33579 1.13579 1.53579
-3.139 -2.964 50 60 3 1.33307 1.13307 1.53307
-3.139 -2.964 60 70 3 1.33 1.13 1.53
-3.139 -2.964 70 80 3 1.32666 1.12666 1.52666
-3.139 -2.964 80 90 3 1.32312 1.12312 1.52312
-3.139 -2.964 90 100 3 1.31946 1.11946 1.51946
-3.139 -2.964 100 110 3 1.31575 1.11575 1.51575
-3.139 -2.964 110 135 3 1.30946 1.10946 1.50946
-3.139 -2.964 135 160 3 1.30061 1.10061 1.50061
-3.139 -2.964 160 185 3 1.29257 1.09257 1.49257
-3.139 -2.964 185 210 3 1.28549 1.08549 1.48549
-3.139 -2.964 210 235 3 1.27938 1.07938 1.47938
-3.139 -2.964 235 260 3 1.27414 1.07414 1.47414
-3.139 -2.964 260 285 3 1.26969 1.06969 1.46969
-3.139 -2.964 285 310 3 1.26589 1.06589 1.46589
-3.139 -2.964 310 335 3 1.26266 1.06266 1.46266
-3.139 -2.964 335 360 3 1.2599 1.0599 1.4599
-3.139 -2.964 360 385 3 1.25754 1.05754 1.45754
-3.139 -2.964 385 410 3 1.2555 1.0555 1.4555
-3.139 -2.964 410 435 3 1.25374 1.05374 1.45374
-3.139 -2.964 435 460 3 1.25221 1.05221 1.45221
-3.139 -2.964 460 485 3 1.25087 1.05087 1.45087
-3.139 -2.964 485 7000 3 1.23756 1.03756 1.43756
2.964 3.139 0 10 3 1.34172 1.14172 1.54172
2.964 3.139 10 20 3 1.3411 1.1411 1.5411
2.964 3.139 20 30 3 1.33987 1.13987 1.53987
2.964 3.139 30 40 3 1.33808 1.13808 1.53808
2.964 3.139 40 50 3 1.33579 1.13579 1.53579
2.964 3.139 50 60 3 1.33307 1.13307 1.53307
2.964 3.139 60 70 3 1.33 1.13 1.53
2.964 3.139 70 80 3 1.32666 1.12666 1.52666
2.964 3.139 80 90 3 1.32312 1.12312 1.52312
2.964 3.139 90 100 3 1.31946 1.11946 1.51946
2.964 3.139 100 110 3 1.31575 1.11575 1.51575
2.964 3.139 110 135 3 1.30946 1.10946 1.50946
2.964 3.139 135 160 3 1.30061 1.10061 1.50061
2.964 3.139 160 185 3 1.29257 1.09257 1.49257
2.964 3.139 185 210 3 1.28549 1.08549 1.48549
2.964 3.139 210 235 3 1.27938 1.07938 1.47938
2.964 3.139 235 260 3 1.27414 1.07414 1.47414
2.964 3.139 260 285 3 1.26969 1.06969 1.46969
2.964 3.139 285 310 3 1.26589 1.06589 1.46589
2.964 3.139 310 335 3 1.26266 1.06266 1.46266
2.964 3.139 335 360 3 1.2599 1.0599 1.4599
2.964 3.139 360 385 3 1.25754 1.05754 1.45754
2.964 3.139 385 410 3 1.2555 1.0555 1.4555
2.964 3.139 410 435 3 1.25374 1.05374 1.45374
2.964 3.139 435 460 3 1.25221 1.05221 1.45221
2.964 3.139 460 485 3 1.25087 1.05087 1.45087
2.964 3.139 485 7000 3 1.23756 1.03756 1.43756
