-0.522 -0 0 10 3 1.17177 1 1.37177
-0.522 -0 10 20 3 1.17099 1 1.37099
-0.522 -0 20 30 3 1.16942 1 1.36942
-0.522 -0 30 40 3 1.16709 1 1.36709
-0.522 -0 40 50 3 1.164 1 1.364
-0.522 -0 50 60 3 1.16019 1 1.36019
-0.522 -0 60 70 3 1.15568 1 1.35568
-0.522 -0 70 80 3 1.15049 1 1.35049
-0.522 -0 80 90 3 1.14468 1 1.34468
-0.522 -0 90 100 3 1.13826 1 1.33826
-0.522 -0 100 110 3 1.1313 1 1.3313
-0.522 -0 110 135 3 1.1183 1 1.3183
-0.522 -0 135 160 3 1.09697 1 1.29697
-0.522 -0 160 185 3 1.0736 1 1.2736
-0.522 -0 185 210 3 1.04887 1 1.24887
-0.522 -0 210 235 3 1.02335 1 1.22335
-0.522 -0 235 260 3 1 1 1.19755
-0.522 -0 260 285 3 1 1 1.1719
-0.522 -0 285 310 3 1 1 1.14671
-0.522 -0 310 335 3 1 1 1.12223
-0.522 -0 335 360 3 1 1 1.09865
-0.522 -0 360 385 3 1 1 1.07606
-0.522 -0 385 410 3 1 1 1.05455
-0.522 -0 410 435 3 1 1 1.03415
-0.522 -0 435 460 3 1 1 1.01486
-0.522 -0 460 485 3 1 1 1
-0.522 -0 485 7000 3 1 1 1
0 0.522 0 10 3 1.17177 1 1.37177
0 0.522 10 20 3 1.17099 1 1.37099
0 0.522 20 30 3 1.16942 1 1.36942
0 0.522 30 40 3 1.16709 1 1.36709
0 0.522 40 50 3 1.164 1 1.364
0 0.522 50 60 3 1.16019 1 1.36019
0 0.522 60 70 3 1.15568 1 1.35568
0 0.522 70 80 3 1.15049 1 1.35049
0 0.522 80 90 3 1.14468 1 1.34468
0 0.522 90 100 3 1.13826 1 1.33826
0 0.522 100 110 3 1.1313 1 1.3313
0 0.522 110 135 3 1.1183 1 1.3183
0 0.522 135 160 3 1.09697 1 1.29697
0 0.522 160 185 3 1.0736 1 1.2736
0 0.522 185 210 3 1.04887 1 1.24887
0 0.522 210 235 3 1.02335 1 1.22335
0 0.522 235 260 3 1 1 1.19755
0 0.522 260 285 3 1 1 1.1719
0 0.522 285 310 3 1 1 1.14671
0 0.522 310 335 3 1 1 1.12223
0 0.522 335 360 3 1 1 1.09865
0 0.522 360 385 3 1 1 1.07606
0 0.522 385 410 3 1 1 1.05455
0 0.522 410 435 3 1 1 1.03415
0 0.522 435 460 3 1 1 1.01486
0 0.522 460 485 3 1 1 1
0 0.522 485 7000 3 1 1 1
-1.305 -1.131 0 10 3 1.09455 1 1.29455
-1.305 -1.131 10 20 3 1.09456 1 1.29456
-1.305 -1.131 20 30 3 1.09459 1 1.29459
-1.305 -1.131 30 40 3 1.09464 1 1.29464
-1.305 -1.131 40 50 3 1.0947 1 1.2947
-1.305 -1.131 50 60 3 1.09477 1 1.29477
-1.305 -1.131 60 70 3 1.09485 1 1.29485
-1.305 -1.131 70 80 3 1.09495 1 1.29495
-1.305 -1.131 80 90 3 1.09506 1 1.29506
-1.305 -1.131 90 100 3 1.09518 1 1.29518
-1.305 -1.131 100 110 3 1.09531 1 1.29531
-1.305 -1.131 110 135 3 1.09555 1 1.29555
-1.305 -1.131 135 160 3 1.09593 1 1.29593
-1.305 -1.131 160 185 3 1.09635 1 1.29635
-1.305 -1.131 185 210 3 1.09677 1 1.29677
-1.305 -1.131 210 235 3 1.0972 1 1.2972
-1.305 -1.131 235 260 3 1.09763 1 1.29763
-1.305 -1.131 260 285 3 1.09804 1 1.29804
-1.305 -1.131 285 310 3 1.09843 1 1.29843
-1.305 -1.131 310 335 3 1.0988 1 1.2988
-1.305 -1.131 335 360 3 1.09915 1 1.29915
-1.305 -1.131 360 385 3 1.09948 1 1.29948
-1.305 -1.131 385 410 3 1.09978 1 1.29978
-1.305 -1.131 410 435 3 1.10006 1 1.30006
-1.305 -1.131 435 460 3 1.10032 1 1.30032
-1.305 -1.131 460 485 3 1.10056 1 1.30056
-1.305 -1.131 485 7000 3 1.10383 1 1.30383
1.131 1.305 0 10 3 1.09455 1 1.29455
1.131 1.305 10 20 3 1.09456 1 1.29456
1.131 1.305 20 30 3 1.09459 1 1.29459
1.131 1.305 30 40 3 1.09464 1 1.29464
1.131 1.305 40 50 3 1.0947 1 1.2947
1.131 1.305 50 60 3 1.09477 1 1.29477
1.131 1.305 60 70 3 1.09485 1 1.29485
1.131 1.305 70 80 3 1.09495 1 1.29495
1.131 1.305 80 90 3 1.09506 1 1.29506
1.131 1.305 90 100 3 1.09518 1 1.29518
1.131 1.305 100 110 3 1.09531 1 1.29531
1.131 1.305 110 135 3 1.09555 1 1.29555
1.131 1.305 135 160 3 1.09593 1 1.29593
1.131 1.305 160 185 3 1.09635 1 1.29635
1.131 1.305 185 210 3 1.09677 1 1.29677
1.131 1.305 210 235 3 1.0972 1 1.2972
1.131 1.305 235 260 3 1.09763 1 1.29763
1.131 1.305 260 285 3 1.09804 1 1.29804
1.131 1.305 285 310 3 1.09843 1 1.29843
1.131 1.305 310 335 3 1.0988 1 1.2988
1.131 1.305 335 360 3 1.09915 1 1.29915
1.131 1.305 360 385 3 1.09948 1 1.29948
1.131 1.305 385 410 3 1.09978 1 1.29978
1.131 1.305 410 435 3 1.10006 1 1.30006
1.131 1.305 435 460 3 1.10032 1 1.30032
1.131 1.305 460 485 3 1.10056 1 1.30056
1.131 1.305 485 7000 3 1.10383 1 1.30383
-2.5 -2.322 0 10 3 1.23443 1.03443 1.43443
-2.5 -2.322 10 20 3 1.23432 1.03432 1.43432
-2.5 -2.322 20 30 3 1.23412 1.03412 1.43412
-2.5 -2.322 30 40 3 1.23381 1.03381 1.43381
-2.5 -2.322 40 50 3 1.2334 1.0334 1.4334
-2.5 -2.322 50 60 3 1.2329 1.0329 1.4329
-2.5 -2.322 60 70 3 1.23231 1.03231 1.43231
-2.5 -2.322 70 80 3 1.23163 1.03163 1.43163
-2.5 -2.322 80 90 3 1.23087 1.03087 1.43087
-2.5 -2.322 90 100 3 1.23004 1.03004 1.43004
-2.5 -2.322 100 110 3 1.22915 1.02915 1.42915
-2.5 -2.322 110 135 3 1.22749 1.02749 1.42749
-2.5 -2.322 135 160 3 1.2248 1.0248 1.4248
-2.5 -2.322 160 185 3 1.2219 1.0219 1.4219
-2.5 -2.322 185 210 3 1.2189 1.0189 1.4189
-2.5 -2.322 210 235 3 1.21587 1.01587 1.41587
-2.5 -2.322 235 260 3 1.21287 1.01287 1.41287
-2.5 -2.322 260 285 3 1.20996 1.00996 1.40996
-2.5 -2.322 285 310 3 1.20717 1.00717 1.40717
-2.5 -2.322 310 335 3 1.20452 1.00452 1.40452
-2.5 -2.322 335 360 3 1.20203 1.00203 1.40203
-2.5 -2.322 360 385 3 1.1997 1 1.3997
-2.5 -2.322 385 410 3 1.19753 1 1.39753
-2.5 -2.322 410 435 3 1.19552 1 1.39552
-2.5 -2.322 435 460 3 1.19366 1 1.39366
-2.5 -2.322 460 485 3 1.19195 1 1.39195
-2.5 -2.322 485 7000 3 1.16804 1 1.36804
2.322 2.5 0 10 3 1.23443 1.03443 1.43443
2.322 2.5 10 20 3 1.23432 1.03432 1.43432
2.322 2.5 20 30 3 1.23412 1.03412 1.43412
2.322 2.5 30 40 3 1.23381 1.03381 1.43381
2.322 2.5 40 50 3 1.2334 1.0334 1.4334
2.322 2.5 50 60 3 1.2329 1.0329 1.4329
2.322 2.5 60 70 3 1.23231 1.03231 1.43231
2.322 2.5 70 80 3 1.23163 1.03163 1.43163
2.322 2.5 80 90 3 1.23087 1.03087 1.43087
2.322 2.5 90 100 3 1.23004 1.03004 1.43004
2.322 2.5 100 110 3 1.22915 1.02915 1.42915
2.322 2.5 110 135 3 1.22749 1.02749 1.42749
2.322 2.5 135 160 3 1.2248 1.0248 1.4248
2.322 2.5 160 185 3 1.2219 1.0219 1.4219
2.322 2.5 185 210 3 1.2189 1.0189 1.4189
2.322 2.5 210 235 3 1.21587 1.01587 1.41587
2.322 2.5 235 260 3 1.21287 1.01287 1.41287
2.322 2.5 260 285 3 1.20996 1.00996 1.40996
2.322 2.5 285 310 3 1.20717 1.00717 1.40717
2.322 2.5 310 335 3 1.20452 1.00452 1.40452
2.322 2.5 335 360 3 1.20203 1.00203 1.40203
2.322 2.5 360 385 3 1.1997 1 1.3997
2.322 2.5 385 410 3 1.19753 1 1.39753
2.322 2.5 410 435 3 1.19552 1 1.39552
2.322 2.5 435 460 3 1.19366 1 1.39366
2.322 2.5 460 485 3 1.19195 1 1.39195
2.322 2.5 485 7000 3 1.16804 1 1.36804
-2.65 -2.5 0 10 3 1.17976 1 1.37976
-2.65 -2.5 10 20 3 1.18095 1 1.38095
-2.65 -2.5 20 30 3 1.18331 1 1.38331
-2.65 -2.5 30 40 3 1.18681 1 1.38681
-2.65 -2.5 40 50 3 1.1914 1 1.3914
-2.65 -2.5 50 60 3 1.19705 1 1.39705
-2.65 -2.5 60 70 3 1.20367 1.00367 1.40367
-2.65 -2.5 70 80 3 1.21119 1.01119 1.41119
-2.65 -2.5 80 90 3 1.21955 1.01955 1.41955
-2.65 -2.5 90 100 3 1.22864 1.02864 1.42864
-2.65 -2.5 100 110 3 1.23838 1.03838 1.43838
-2.65 -2.5 110 135 3 1.2562 1.0562 1.4562
-2.65 -2.5 135 160 3 1.28449 1.08449 1.48449
-2.65 -2.5 160 185 3 1.31416 1.11416 1.51416
-2.65 -2.5 185 210 3 1.3442 1.1442 1.5442
-2.65 -2.5 210 235 3 1.37378 1.17378 1.57378
-2.65 -2.5 235 260 3 1.40233 1.20233 1.60233
-2.65 -2.5 260 285 3 1.42946 1.22946 1.62946
-2.65 -2.5 285 310 3 1.45494 1.25494 1.65494
-2.65 -2.5 310 335 3 1.47865 1.27865 1.67865
-2.65 -2.5 335 360 3 1.50057 1.30057 1.70057
-2.65 -2.5 360 385 3 1.52074 1.32074 1.72074
-2.65 -2.5 385 410 3 1.53924 1.33924 1.73924
-2.65 -2.5 410 435 3 1.55616 1.35616 1.75616
-2.65 -2.5 435 460 3 1.57163 1.37163 1.77163
-2.65 -2.5 460 485 3 1.58574 1.38574 1.78574
-2.65 -2.5 485 7000 3 1.76896 1.56896 1.96896
2.5 2.65 0 10 3 1.17976 1 1.37976
2.5 2.65 10 20 3 1.18095 1 1.38095
2.5 2.65 20 30 3 1.18331 1 1.38331
2.5 2.65 30 40 3 1.18681 1 1.38681
2.5 2.65 40 50 3 1.1914 1 1.3914
2.5 2.65 50 60 3 1.19705 1 1.39705
2.5 2.65 60 70 3 1.20367 1.00367 1.40367
2.5 2.65 70 80 3 1.21119 1.01119 1.41119
2.5 2.65 80 90 3 1.21955 1.01955 1.41955
2.5 2.65 90 100 3 1.22864 1.02864 1.42864
2.5 2.65 100 110 3 1.23838 1.03838 1.43838
2.5 2.65 110 135 3 1.2562 1.0562 1.4562
2.5 2.65 135 160 3 1.28449 1.08449 1.48449
2.5 2.65 160 185 3 1.31416 1.11416 1.51416
2.5 2.65 185 210 3 1.3442 1.1442 1.5442
2.5 2.65 210 235 3 1.37378 1.17378 1.57378
2.5 2.65 235 260 3 1.40233 1.20233 1.60233
2.5 2.65 260 285 3 1.42946 1.22946 1.62946
2.5 2.65 285 310 3 1.45494 1.25494 1.65494
2.5 2.65 310 335 3 1.47865 1.27865 1.67865
2.5 2.65 335 360 3 1.50057 1.30057 1.70057
2.5 2.65 360 385 3 1.52074 1.32074 1.72074
2.5 2.65 385 410 3 1.53924 1.33924 1.73924
2.5 2.65 410 435 3 1.55616 1.35616 1.75616
2.5 2.65 435 460 3 1.57163 1.37163 1.77163
2.5 2.65 460 485 3 1.58574 1.38574 1.78574
2.5 2.65 485 7000 3 1.76896 1.56896 1.96896
-2.853 -2.65 0 10 3 1.0164 1 1.2164
-2.853 -2.65 10 20 3 1.02882 1 1.22882
-2.853 -2.65 20 30 3 1.05277 1 1.25277
-2.853 -2.65 30 40 3 1.08668 1 1.28668
-2.853 -2.65 40 50 3 1.12853 1 1.32853
-2.853 -2.65 50 60 3 1.17623 1 1.37623
-2.853 -2.65 60 70 3 1.22776 1.02776 1.42776
-2.853 -2.65 70 80 3 1.28137 1.08137 1.48137
-2.853 -2.65 80 90 3 1.3356 1.1356 1.5356
-2.853 -2.65 90 100 3 1.38933 1.18933 1.58933
-2.853 -2.65 100 110 3 1.4417 1.2417 1.6417
-2.853 -2.65 110 135 3 1.52603 1.32603 1.72603
-2.853 -2.65 135 160 3 1.63664 1.43664 1.83664
-2.853 -2.65 160 185 3 1.73038 1.53038 1.93038
-2.853 -2.65 185 210 3 1.80845 1.60845 2.00845
-2.853 -2.65 210 235 3 1.87299 1.67299 2.07299
-2.853 -2.65 235 260 3 1.92625 1.72625 2.12625
-2.853 -2.65 260 285 3 1.97032 1.77032 2.17032
-2.853 -2.65 285 310 3 2.00693 1.80693 2.20693
-2.853 -2.65 310 335 3 2.03752 1.83752 2.23752
-2.853 -2.65 335 360 3 2.06323 1.86323 2.26323
-2.853 -2.65 360 385 3 2.08498 1.88498 2.28498
-2.853 -2.65 385 410 3 2.10349 1.90349 2.30349
-2.853 -2.65 410 435 3 2.11935 1.91935 2.31935
-2.853 -2.65 435 460 3 2.13302 1.93302 2.33302
-2.853 -2.65 460 485 3 2.14487 1.94487 2.34487
-2.853 -2.65 485 7000 3 2.25882 2.05882 2.45882
2.65 2.853 0 10 3 1.0164 1 1.2164
2.65 2.853 10 20 3 1.02882 1 1.22882
2.65 2.853 20 30 3 1.05277 1 1.25277
2.65 2.853 30 40 3 1.08668 1 1.28668
2.65 2.853 40 50 3 1.12853 1 1.32853
2.65 2.853 50 60 3 1.17623 1 1.37623
2.65 2.853 60 70 3 1.22776 1.02776 1.42776
2.65 2.853 70 80 3 1.28137 1.08137 1.48137
2.65 2.853 80 90 3 1.3356 1.1356 1.5356
2.65 2.853 90 100 3 1.38933 1.18933 1.58933
2.65 2.853 100 110 3 1.4417 1.2417 1.6417
2.65 2.853 110 135 3 1.52603 1.32603 1.72603
2.65 2.853 135 160 3 1.63664 1.43664 1.83664
2.65 2.853 160 185 3 1.73038 1.53038 1.93038
2.65 2.853 185 210 3 1.80845 1.60845 2.00845
2.65 2.853 210 235 3 1.87299 1.67299 2.07299
2.65 2.853 235 260 3 1.92625 1.72625 2.12625
2.65 2.853 260 285 3 1.97032 1.77032 2.17032
2.65 2.853 285 310 3 2.00693 1.80693 2.20693
2.65 2.853 310 335 3 2.03752 1.83752 2.23752
2.65 2.853 335 360 3 2.06323 1.86323 2.26323
2.65 2.853 360 385 3 2.08498 1.88498 2.28498
2.65 2.853 385 410 3 2.10349 1.90349 2.30349
2.65 2.853 410 435 3 2.11935 1.91935 2.31935
2.65 2.853 435 460 3 2.13302 1.93302 2.33302
2.65 2.853 460 485 3 2.14487 1.94487 2.34487
2.65 2.853 485 7000 3 2.25882 2.05882 2.45882
-2.964 -2.853 0 10 3 1.26251 1.06251 1.46251
-2.964 -2.853 10 20 3 1.27145 1.07145 1.47145
-2.964 -2.853 20 30 3 1.28882 1.08882 1.48882
-2.964 -2.853 30 40 3 1.31367 1.11367 1.51367
-2.964 -2.853 40 50 3 1.34476 1.14476 1.54476
-2.964 -2.853 50 60 3 1.38072 1.18072 1.58072
-2.964 -2.853 60 70 3 1.42015 1.22015 1.62015
-2.964 -2.853 70 80 3 1.46177 1.26177 1.66177
-2.964 -2.853 80 90 3 1.50443 1.30443 1.70443
-2.964 -2.853 90 100 3 1.5472 1.3472 1.7472
-2.964 -2.853 100 110 3 1.58935 1.38935 1.78935
-2.964 -2.853 110 135 3 1.65805 1.45805 1.85805
-2.964 -2.853 135 160 3 1.74957 1.54957 1.94957
-2.964 -2.853 160 185 3 1.82823 1.62823 2.02823
-2.964 -2.853 185 210 3 1.8944 1.6944 2.0944
-2.964 -2.853 210 235 3 1.9495 1.7495 2.1495
-2.964 -2.853 235 260 3 1.99524 1.79524 2.19524
-2.964 -2.853 260 285 3 2.03324 1.83324 2.23324
-2.964 -2.853 285 310 3 2.06492 1.86492 2.26492
-2.964 -2.853 310 335 3 2.09146 1.89146 2.29146
-2.964 -2.853 335 360 3 2.11381 1.91381 2.31381
-2.964 -2.853 360 385 3 2.13275 1.93275 2.33275
-2.964 -2.853 385 410 3 2.1489 1.9489 2.3489
-2.964 -2.853 410 435 3 2.16275 1.96275 2.36275
-2.964 -2.853 435 460 3 2.17469 1.97469 2.37469
-2.964 -2.853 460 485 3 2.18506 1.98506 2.38506
-2.964 -2.853 485 7000 3 2.28514 2.08514 2.48514
2.853 2.964 0 10 3 1.26251 1.06251 1.46251
2.853 2.964 10 20 3 1.27145 1.07145 1.47145
2.853 2.964 20 30 3 1.28882 1.08882 1.48882
2.853 2.964 30 40 3 1.31367 1.11367 1.51367
2.853 2.964 40 50 3 1.34476 1.14476 1.54476
2.853 2.964 50 60 3 1.38072 1.18072 1.58072
2.853 2.964 60 70 3 1.42015 1.22015 1.62015
2.853 2.964 70 80 3 1.46177 1.26177 1.66177
2.853 2.964 80 90 3 1.50443 1.30443 1.70443
2.853 2.964 90 100 3 1.5472 1.3472 1.7472
2.853 2.964 100 110 3 1.58935 1.38935 1.78935
2.853 2.964 110 135 3 1.65805 1.45805 1.85805
2.853 2.964 135 160 3 1.74957 1.54957 1.94957
2.853 2.964 160 185 3 1.82823 1.62823 2.02823
2.853 2.964 185 210 3 1.8944 1.6944 2.0944
2.853 2.964 210 235 3 1.9495 1.7495 2.1495
2.853 2.964 235 260 3 1.99524 1.79524 2.19524
2.853 2.964 260 285 3 2.03324 1.83324 2.23324
2.853 2.964 285 310 3 2.06492 1.86492 2.26492
2.853 2.964 310 335 3 2.09146 1.89146 2.29146
2.853 2.964 335 360 3 2.11381 1.91381 2.31381
2.853 2.964 360 385 3 2.13275 1.93275 2.33275
2.853 2.964 385 410 3 2.1489 1.9489 2.3489
2.853 2.964 410 435 3 2.16275 1.96275 2.36275
2.853 2.964 435 460 3 2.17469 1.97469 2.37469
2.853 2.964 460 485 3 2.18506 1.98506 2.38506
2.853 2.964 485 7000 3 2.28514 2.08514 2.48514
-3.139 -2.964 0 10 3 1.32886 1.12886 1.52886
-3.139 -2.964 10 20 3 1.32842 1.12842 1.52842
-3.139 -2.964 20 30 3 1.32755 1.12755 1.52755
-3.139 -2.964 30 40 3 1.32628 1.12628 1.52628
-3.139 -2.964 40 50 3 1.32466 1.12466 1.52466
-3.139 -2.964 50 60 3 1.32273 1.12273 1.52273
-3.139 -2.964 60 70 3 1.32055 1.12055 1.52055
-3.139 -2.964 70 80 3 1.31819 1.11819 1.51819
-3.139 -2.964 80 90 3 1.31569 1.11569 1.51569
-3.139 -2.964 90 100 3 1.3131 1.1131 1.5131
-3.139 -2.964 100 110 3 1.31048 1.11048 1.51048
-3.139 -2.964 110 135 3 1.30604 1.10604 1.50604
-3.139 -2.964 135 160 3 1.29981 1.09981 1.49981
-3.139 -2.964 160 185 3 1.29417 1.09417 1.49417
-3.139 -2.964 185 210 3 1.2892 1.0892 1.4892
-3.139 -2.964 210 235 3 1.28492 1.08492 1.48492
-3.139 -2.964 235 260 3 1.28126 1.08126 1.48126
-3.139 -2.964 260 285 3 1.27815 1.07815 1.47815
-3.139 -2.964 285 310 3 1.2755 1.0755 1.4755
-3.139 -2.964 310 335 3 1.27325 1.07325 1.47325
-3.139 -2.964 335 360 3 1.27133 1.07133 1.47133
-3.139 -2.964 360 385 3 1.26968 1.06968 1.46968
-3.139 -2.964 385 410 3 1.26826 1.06826 1.46826
-3.139 -2.964 410 435 3 1.26703 1.06703 1.46703
-3.139 -2.964 435 460 3 1.26597 1.06597 1.46597
-3.139 -2.964 460 485 3 1.26504 1.06504 1.46504
-3.139 -2.964 485 7000 3 1.2558 1.0558 1.4558
2.964 3.139 0 10 3 1.32886 1.12886 1.52886
2.964 3.139 10 20 3 1.32842 1.12842 1.52842
2.964 3.139 20 30 3 1.32755 1.12755 1.52755
2.964 3.139 30 40 3 1.32628 1.12628 1.52628
2.964 3.139 40 50 3 1.32466 1.12466 1.52466
2.964 3.139 50 60 3 1.32273 1.12273 1.52273
2.964 3.139 60 70 3 1.32055 1.12055 1.52055
2.964 3.139 70 80 3 1.31819 1.11819 1.51819
2.964 3.139 80 90 3 1.31569 1.11569 1.51569
2.964 3.139 90 100 3 1.3131 1.1131 1.5131
2.964 3.139 100 110 3 1.31048 1.11048 1.51048
2.964 3.139 110 135 3 1.30604 1.10604 1.50604
2.964 3.139 135 160 3 1.29981 1.09981 1.49981
2.964 3.139 160 185 3 1.29417 1.09417 1.49417
2.964 3.139 185 210 3 1.2892 1.0892 1.4892
2.964 3.139 210 235 3 1.28492 1.08492 1.48492
2.964 3.139 235 260 3 1.28126 1.08126 1.48126
2.964 3.139 260 285 3 1.27815 1.07815 1.47815
2.964 3.139 285 310 3 1.2755 1.0755 1.4755
2.964 3.139 310 335 3 1.27325 1.07325 1.47325
2.964 3.139 335 360 3 1.27133 1.07133 1.47133
2.964 3.139 360 385 3 1.26968 1.06968 1.46968
2.964 3.139 385 410 3 1.26826 1.06826 1.46826
2.964 3.139 410 435 3 1.26703 1.06703 1.46703
2.964 3.139 435 460 3 1.26597 1.06597 1.46597
2.964 3.139 460 485 3 1.26504 1.06504 1.46504
2.964 3.139 485 7000 3 1.2558 1.0558 1.4558
