       eta        pt       EOY        UL      diff     ratio
  -2.87500  12.50000   0.00000   0.00000   0.00000      -nan
  -2.87500  17.50000   0.00000   0.00000   0.00000      -nan
  -2.87500  22.50000   0.00000   0.00000   0.00000      -nan
  -2.87500  27.50000   0.00000   0.00000   0.00000      -nan
  -2.87500  32.50000   0.00000   0.00574   0.00574   0.00017
  -2.87500  37.50000   0.00724   0.00000   0.00724  10.00000
  -2.87500  45.00000   0.00620   0.00653   0.00033   0.94891
  -2.87500  60.00000   0.00666   0.01114   0.00448   0.59806
  -2.87500  85.00000   0.04403   0.03687   0.00716   1.19418
  -2.87500 125.00000   0.22151   0.24561   0.02411   0.90184
  -2.87500 175.00000   0.45076   0.47297   0.02222   0.95303
  -2.87500 250.00000   0.59353   0.62007   0.02655   0.95719
  -2.87500 400.00000   0.81373   0.81081   0.00291   1.00359
  -2.62500  12.50000   0.00000   0.00000   0.00000      -nan
  -2.62500  17.50000   0.00000   0.00000   0.00000      -nan
  -2.62500  22.50000   0.00000   0.00000   0.00000      -nan
  -2.62500  27.50000   0.00000   0.00000   0.00000      -nan
  -2.62500  32.50000   0.00826   0.00523   0.00303   1.57964
  -2.62500  37.50000   0.00000   0.00965   0.00965   0.00010
  -2.62500  45.00000   0.00921   0.00547   0.00375   1.68516
  -2.62500  60.00000   0.01705   0.01243   0.00462   1.37171
  -2.62500  85.00000   0.05013   0.04230   0.00783   1.18504
  -2.62500 125.00000   0.15058   0.14761   0.00297   1.02012
  -2.62500 175.00000   0.30090   0.31954   0.01864   0.94167
  -2.62500 250.00000   0.44207   0.44966   0.00759   0.98312
  -2.62500 400.00000   0.61630   0.63492   0.01862   0.97068
  -2.37500  12.50000   0.00000   0.00000   0.00000      -nan
  -2.37500  17.50000   0.00000   0.00000   0.00000      -nan
  -2.37500  22.50000   0.00000   0.00000   0.00000      -nan
  -2.37500  27.50000   0.00000   0.00000   0.00000      -nan
  -2.37500  32.50000   0.00000   0.00646   0.00646   0.00015
  -2.37500  37.50000   0.00669   0.00517   0.00152   1.29431
  -2.37500  45.00000   0.01050   0.00504   0.00547   2.08508
  -2.37500  60.00000   0.01175   0.01053   0.00122   1.11619
  -2.37500  85.00000   0.05583   0.02560   0.03023   2.18083
  -2.37500 125.00000   0.10558   0.10110   0.00448   1.04433
  -2.37500 175.00000   0.14911   0.13115   0.01796   1.13695
  -2.37500 250.00000   0.18806   0.19625   0.00819   0.95829
  -2.37500 400.00000   0.27482   0.30000   0.02518   0.91608
  -2.12500  12.50000   0.00000   0.00000   0.00000      -nan
  -2.12500  17.50000   0.00000   0.00000   0.00000      -nan
  -2.12500  22.50000   0.00000   0.00000   0.00000      -nan
  -2.12500  27.50000   0.00000   0.00000   0.00000      -nan
  -2.12500  32.50000   0.00538   0.00740   0.00202   0.72644
  -2.12500  37.50000   0.01070   0.00000   0.01069  10.00000
  -2.12500  45.00000   0.00800   0.00000   0.00800  10.00000
  -2.12500  60.00000   0.00000   0.00000   0.00000   1.00000
  -2.12500  85.00000   0.01521   0.00552   0.00968   2.75285
  -2.12500 125.00000   0.02595   0.01946   0.00650   1.33405
  -2.12500 175.00000   0.02819   0.03077   0.00258   0.91625
  -2.12500 250.00000   0.04554   0.03759   0.00795   1.21139
  -2.12500 400.00000   0.06092   0.06286   0.00194   0.96917
   2.12500  12.50000   0.00000   0.00000   0.00000      -nan
   2.12500  17.50000   0.00000   0.00000   0.00000      -nan
   2.12500  22.50000   0.00000   0.00000   0.00000      -nan
   2.12500  27.50000   0.00000   0.00000   0.00000      -nan
   2.12500  32.50000   0.00000   0.00000   0.00000   1.00000
   2.12500  37.50000   0.00000   0.00568   0.00568   0.00018
   2.12500  45.00000   0.00515   0.00562   0.00046   0.91753
   2.12500  60.00000   0.01554   0.00000   0.01554  10.00000
   2.12500  85.00000   0.01890   0.00802   0.01088   2.35665
   2.12500 125.00000   0.04027   0.03017   0.01010   1.33461
   2.12500 175.00000   0.04944   0.05602   0.00657   0.88263
   2.12500 250.00000   0.08665   0.08900   0.00235   0.97357
   2.12500 400.00000   0.13857   0.13738   0.00119   1.00864
   2.37500  12.50000   0.00000   0.00000   0.00000      -nan
   2.37500  17.50000   0.00000   0.00000   0.00000      -nan
   2.37500  22.50000   0.00000   0.00000   0.00000      -nan
   2.37500  27.50000   0.00000   0.00000   0.00000      -nan
   2.37500  32.50000   0.01634   0.00565   0.01069   2.89114
   2.37500  37.50000   0.00775   0.00680   0.00095   1.13953
   2.37500  45.00000   0.01600   0.00889   0.00711   1.80053
   2.37500  60.00000   0.04408   0.02333   0.02075   1.88959
   2.37500  85.00000   0.10577   0.06678   0.03899   1.58383
   2.37500 125.00000   0.18996   0.16250   0.02746   1.16898
   2.37500 175.00000   0.22300   0.22963   0.00663   0.97111
   2.37500 250.00000   0.30733   0.36006   0.05273   0.85356
   2.37500 400.00000   0.43550   0.43889   0.00340   0.99226
   2.62500  12.50000   0.00000   0.00000   0.00000      -nan
   2.62500  17.50000   0.00000   0.00000   0.00000      -nan
   2.62500  22.50000   0.00000   0.00000   0.00000      -nan
   2.62500  27.50000   0.00000   0.00000   0.00000      -nan
   2.62500  32.50000   0.00787   0.00691   0.00097   1.14022
   2.62500  37.50000   0.00746   0.00822   0.00076   0.90758
   2.62500  45.00000   0.00838   0.00726   0.00112   1.15484
   2.62500  60.00000   0.01898   0.01340   0.00558   1.41605
   2.62500  85.00000   0.04289   0.03020   0.01269   1.42021
   2.62500 125.00000   0.13980   0.18491   0.04511   0.75605
   2.62500 175.00000   0.32596   0.34954   0.02358   0.93254
   2.62500 250.00000   0.50664   0.55789   0.05125   0.90814
   2.62500 400.00000   0.74145   0.74943   0.00797   0.98936
   2.87500  12.50000   0.00000   0.00000   0.00000      -nan
   2.87500  17.50000   0.00000   0.00000   0.00000      -nan
   2.87500  22.50000   0.00000   0.00000   0.00000      -nan
   2.87500  27.50000   0.00000   0.00000   0.00000      -nan
   2.87500  32.50000   0.00000   0.00645   0.00645   0.00016
   2.87500  37.50000   0.00000   0.00842   0.00842   0.00012
   2.87500  45.00000   0.00601   0.00760   0.00158   0.79150
   2.87500  60.00000   0.00971   0.00975   0.00004   0.99559
   2.87500  85.00000   0.04899   0.05800   0.00901   0.84461
   2.87500 125.00000   0.25420   0.31343   0.05923   0.81102
   2.87500 175.00000   0.45914   0.50754   0.04839   0.90465
   2.87500 250.00000   0.66087   0.68116   0.02029   0.97021
   2.87500 400.00000   0.85417   0.80357   0.05060   1.06296
